-1.24
0.69
-0.11
-0.01
-0.81
-0.65
0.15
0.67
0.27
-0.35
-0.21
-0.53
0.07
-0.32
-0.86
0.79
3.20
0.40
-1.76
-1.37
6.20
-3.02
1.39
8.81
-12.05
0.07
0.93
-0.03
-2.62
-0.32
-3.40
-0.20
1.00
3.62
-1.07
-1.64
-0.28
-2.14
-0.46
4.16
-6.05
3.54
2.14
0.85
0.89
-2.79
2.45
1.05
2.52
-2.70
2.61
-2.61
-0.61
-1.10
1.08
0.63
0.51
-0.96
-1.13
-1.10
-0.37
-0.71
5.77
-8.67
7.64
-0.55
-1.44
0.34
1.56
0.41
-0.60
-0.20
0.72
-2.46
-0.34
-0.56
-1.69
2.11
0.85
0.04
-2.62
1.19
1.44
-0.13
3.47
-1.07
-0.34
-0.78
0.03
0.85
-2.19
-1.80
-0.70
-1.44
4.10
-0.02
-1.22
-0.27
2.15
-5.30
2.81
2.28
0.42
-0.42
2.04
-2.21
-1.60
-0.97
2.28
-1.94
10.56
-8.38
-1.06
1.84
-1.32
10.27
-8.82
-0.66
-0.94
1.24
-0.51
-0.47
0.25
-0.71
0.84
0.57
-1.60
-0.74
2.78
0.59
-1.18
-0.60
0.10
-2.95
0.43
-0.08
2.49
-0.13
-0.84
0.26
1.14
4.04
-1.48
-0.62
-1.34
0.04
-2.21
-2.01
-2.39
3.20
2.39
0.88
2.35
-3.47
-0.01
-1.53
2.36
-0.08
0.48
11.41
-2.90
7.13
9.67
-22.81
-2.07
-0.70
13.41
-0.31
-3.81
5.36
-2.28
-11.63
-0.53
0.41
-0.31
1.13
7.69
0.56
-2.57
-1.70
-2.01
-0.42
0.61
0.86
1.82
-3.46
4.94
-1.21
-4.36
-1.25
1.62
-0.67
-0.22
-0.80
3.65
5.84
-4.84
6.54
-21.06
11.99
-0.78
-0.41
-4.83
5.92
-2.13
-0.10
0.00
0.02
1.31
-1.14
-1.89
-0.40
0.21
1.53
0.14
0.76
-0.33
1.33
0.75
0.40
-2.68
-0.38
-0.93
2.14
-0.71
-0.51
0.71
0.69
-1.60
-0.69
1.73
2.37
-2.87
2.37
-2.27
-0.74
0.71
1.68
3.29
-1.38
-1.67
-1.73
1.86
0.62
2.26
-5.38
-0.98
-1.16
-0.71
-1.03
10.56
9.05
14.60
-20.35
-8.06
8.78
-4.98
9.09
7.65
-11.80
4.01
-3.14
-10.98
-1.14
8.18
13.49
-5.11
6.18
-22.94
-2.09
-0.99
1.45
-0.84
4.88
-2.40
-3.37
3.03
1.42
-1.03
-2.45
0.59
-0.87
0.64
0.87
-0.64
-1.07
1.58
0.91
-0.75
0.09
-0.05
0.44
-1.15
0.88
1.51
-0.56
0.78
-0.89
-0.08
0.14
3.23
-2.65
-0.47
-0.02
0.58
-0.29
-0.09
0.49
-0.47
0.48
-0.42
-0.72
0.12
9.02
-2.87
-2.57
-2.52
1.30
-3.16
0.78
-0.48
1.20
34.92
-33.01
-1.21
-0.26
1.25
0.78
-4.25
0.50
0.89
-0.44
0.18
0.30
0.17
-0.36
-0.05
0.53
0.20
-4.03
2.50
1.58
1.02
-0.79
3.76
-3.78
1.07
0.03
-2.43
8.52
-0.37
0.75
2.53
-9.15
-2.48
-1.40
-1.47
0.58
-5.26
-1.22
4.13
2.71
-1.28
-1.92
2.62
-5.02
14.19
36.70
-25.49
-11.49
28.23
-17.21
31.33
-42.23
-3.17
-0.50
4.71
-0.82
8.72
-14.96
1.88
13.23
-4.06
11.31
26.69
74.74
-8.46
7.55
121.15
-189.17
-25.08
36.79
-18.34
-29.52
-6.09
-6.90
-0.90
0.71
-2.32
1.34
3.41
-2.23
-2.51
0.47
2.33
6.86
15.66
-18.85
-3.08
2.78
5.46
13.46
-23.46
-1.23
4.35
-3.06
-3.71
1.29
3.04
9.34
-1.52
-0.86
13.14
-10.61
-11.58
3.98
14.12
-9.03
2.74
-0.83
-6.73
-4.37
2.11
-2.84
1.13
19.43
-17.40
-1.25
-1.08
14.53
-0.55
-12.92
-0.85
-1.45
-0.65
0.39
4.25
4.19
14.56
5.69
-23.76
-2.67
-1.66
-0.21
8.03
-0.17
6.37
-14.21
-2.58
0.22
1.36
-2.89
2.18
1.84
1.43
-1.71
-2.41
6.79
1.44
-0.87
-1.59
-0.93
0.64
-4.43
0.12
1.41
0.28
-0.10
-0.56
-0.58
-0.30
12.52
-9.80
0.80
-2.92
-1.34
-2.31
-0.31
2.71
6.18
-6.27
1.76
-2.15
-1.22
1.73
-0.28
-6.20
2.53
1.84
-4.56
3.42
-1.74
3.55
9.49
-7.58
-0.64
11.03
-15.69
-2.14
-2.85
7.34
-6.33
9.42
-4.33
1.09
1.53
2.14
2.47
0.28
-3.41
20.17
-20.38
0.63
0.80
8.18
2.46
0.60
9.80
-20.51
-2.88
2.84
-4.25
11.19
-8.66
-0.75
-2.49
-2.74
2.31
8.26
-1.67
2.71
-1.73
-5.86
1.29
1.21
7.51
3.82
-5.69
-3.50
-2.27
-0.52
3.11
14.41
-9.43
-5.78
-0.18
-1.79
-0.26
3.64
0.54
-0.54
24.46
-25.42
-4.51
-1.44
1.26
3.02
7.92
-6.85
-3.05
-1.08
0.33
2.99
-4.83
1.75
1.40
-1.36
6.30
-11.23
7.24
2.84
-2.89
-1.32
0.96
-2.45
-1.50
7.41
-3.47
3.42
-4.93
-1.22
-3.04
-3.01
1.62
3.23
1.60
-0.04
-1.15
-3.91
-0.69
1.51
3.81
5.20
-2.04
-3.74
-3.18
1.63
2.45
12.92
-8.10
4.39
-2.98
4.75
-4.40
-4.39
1.79
-2.23
1.35
-1.30
-6.45
-0.46
-1.46
-0.97
0.38
-0.20
-2.58
-1.00
-4.53
10.79
-3.35
2.26
0.43
-0.37
-8.08
5.71
-1.53
1.89
5.13
-2.68
-0.13
25.92
-11.30
-13.87
-0.28
1.32
-4.64
3.35
-8.82
-1.28
26.71
-3.77
7.48
-3.07
1.80
0.07
1.94
-2.85
1.03
3.35
-0.66
1.38
-6.22
2.28
-0.43
-2.39
0.90
0.17
-0.14
2.59
-2.23
4.02
-0.01
1.86
-1.14
-0.12
2.21
-0.12
-2.02
0.60
-0.10
-1.75
-4.00
8.96
-2.90
-2.78
14.16
3.01
-14.31
4.08
-3.82
-1.56
3.20
-1.24
-1.68
0.54
4.10
-4.94
1.31
-7.60
2.10
-0.02
2.77
-6.27
1.69
0.18
-1.44
-2.72
-3.82
1.72
-8.18
5.78
-2.17
0.94
0.38
-0.57
-0.55
2.73
-5.18
-2.15
1.11
11.61
-13.98
-6.13
-1.19
3.72
3.59
-0.58
2.34
-0.56
