0.58
4.69
-4.30
-2.81
-0.51
1.95
-2.57
1.07
-0.48
-0.14
0.15
-0.56
0.46
-0.90
-0.63
0.81
14.23
-10.54
-1.08
-1.15
15.25
7.47
-4.65
27.59
-44.95
-0.15
2.56
-0.37
-4.08
-1.71
-1.69
1.22
1.43
4.67
1.92
-5.73
-4.00
1.92
-5.59
7.08
-4.60
1.66
1.83
-0.01
1.99
-3.19
0.48
4.89
2.91
-4.83
2.69
-3.07
-1.24
-0.37
2.04
-0.23
0.55
-0.39
-2.24
0.67
0.26
0.39
4.60
-7.33
3.99
-1.37
0.66
-0.01
1.22
-0.06
-0.86
2.04
-1.61
-1.48
-0.61
0.42
-0.32
1.01
-5.78
4.98
0.10
-1.26
2.09
1.25
1.82
-1.06
0.07
-0.30
-1.02
-0.16
0.06
-1.62
-0.81
1.34
3.26
-1.38
-1.58
-0.82
3.66
-2.87
-0.24
0.74
2.93
-2.43
1.08
-3.90
-0.54
2.03
1.08
-3.97
4.83
-2.34
-0.38
0.23
0.75
0.62
0.69
-0.07
-1.78
1.76
1.34
-1.61
-0.03
-1.62
2.76
-1.36
-0.65
1.34
1.01
-1.04
0.17
-1.06
-0.55
-5.34
1.44
3.58
1.00
-3.41
-1.53
3.45
0.10
3.55
-3.19
3.25
-1.55
0.31
-2.40
-1.12
-3.80
5.50
2.00
-0.43
1.22
-2.82
0.00
-0.75
1.33
-0.02
1.49
14.10
-3.10
2.21
9.24
-22.90
0.26
-0.28
14.01
0.21
-1.06
0.80
-13.13
-0.55
-0.81
-0.32
2.70
1.95
2.86
1.83
-1.77
-4.09
-0.07
-0.46
1.54
3.04
0.23
-2.00
1.82
-2.67
-1.17
-1.25
0.71
-0.34
-1.32
1.48
6.97
0.74
-0.08
10.69
-27.25
11.16
0.15
-1.10
-2.98
4.63
-3.91
0.12
-0.20
0.02
0.01
-0.43
-0.49
-0.21
0.07
1.00
-0.51
-0.43
0.60
0.72
0.45
-0.36
-0.22
-0.54
-0.75
0.25
0.52
-0.72
1.87
-1.68
-0.30
-0.05
0.41
5.55
-3.32
-0.30
-1.72
-0.42
0.75
1.18
0.29
3.21
-3.96
1.18
5.78
7.96
-10.36
-5.37
-0.37
-1.61
-0.67
-4.26
8.23
9.64
5.89
-6.74
-8.19
-0.76
-1.57
22.25
2.16
-4.40
0.67
-19.91
1.31
-0.94
22.80
-0.86
0.20
-22.38
-4.48
0.19
-0.67
0.85
-1.01
6.42
-4.87
-2.25
3.98
8.72
-9.15
-4.10
2.54
-0.62
0.76
-0.01
-0.70
0.11
0.45
1.50
-0.90
0.52
0.20
-0.17
-1.46
2.29
0.76
-0.08
-0.30
0.84
-2.20
1.66
2.16
-3.36
-1.14
1.69
0.37
0.69
0.74
2.39
-1.71
-0.68
-1.77
0.02
-0.88
8.01
6.44
-8.61
0.08
-4.15
-1.63
0.67
-0.54
1.97
0.46
-0.30
-0.55
-0.47
4.47
-3.00
-2.43
-0.50
0.89
0.39
-1.06
0.49
-0.01
0.50
-0.11
0.60
-0.84
0.03
0.15
1.19
1.57
-0.12
7.04
-11.14
3.07
-0.77
6.33
2.17
4.76
-5.10
-0.29
-7.12
-1.79
-0.24
-0.03
-0.04
-3.21
-5.27
9.78
-4.53
-4.14
0.75
5.32
-16.91
54.98
9.74
-29.33
-5.27
84.06
-43.42
-0.55
-44.35
-5.83
0.67
4.52
8.80
-11.61
2.61
-5.38
27.36
-8.06
23.54
-6.62
395.92
-298.29
90.89
11.56
5.34
-200.35
25.89
20.39
-39.66
-41.03
-5.21
0.27
0.57
7.17
-5.73
9.74
11.09
-23.48
4.04
4.66
12.09
17.09
-26.31
-6.34
17.80
10.16
8.01
-39.95
2.17
14.77
-16.19
-2.52
0.65
3.48
34.48
10.57
-22.82
27.45
-46.79
-2.12
5.20
11.25
25.24
1.49
-30.55
-10.84
-2.36
-0.58
-2.00
3.76
65.19
-62.89
1.43
7.26
16.69
-1.30
-27.24
-1.65
1.64
-4.44
-0.02
9.56
4.67
19.77
10.91
-44.35
1.23
0.17
-1.81
1.69
4.06
0.03
-5.30
-1.31
-0.56
1.56
-2.17
1.04
1.39
0.59
-1.45
-3.02
5.64
4.11
0.54
0.49
-4.78
8.85
-11.67
-0.03
1.50
-0.91
-0.43
0.72
-1.93
-0.53
6.20
-1.50
-1.17
-2.36
-1.24
-0.55
-2.22
1.85
1.50
-1.44
-1.42
1.01
0.74
0.76
0.02
-7.67
5.12
0.05
-1.77
1.28
-3.02
4.92
14.59
-9.26
-0.15
-3.93
-4.39
-3.54
-9.91
13.39
-0.61
4.11
-2.19
0.18
0.15
5.00
0.87
0.27
-3.07
0.13
-0.43
1.10
0.08
1.78
7.30
8.11
-13.21
-4.12
9.45
3.97
-1.77
9.19
-13.56
-8.43
-3.52
-2.60
-1.34
7.60
3.84
2.45
-0.87
-4.04
-1.77
5.84
16.96
-4.28
-9.16
-6.50
-0.01
-2.74
16.38
21.27
-20.94
-5.61
-6.54
-3.36
1.11
9.70
-4.71
2.20
-3.58
0.05
-6.43
-0.71
-0.16
2.98
31.34
-29.21
-1.86
-2.19
2.78
-0.69
-5.15
4.19
-3.28
1.73
-4.62
0.77
12.45
5.53
-9.64
-2.55
-0.57
-1.48
0.09
7.81
-7.68
1.63
-4.05
-1.29
-1.15
-1.69
2.98
2.12
-0.83
-1.04
-0.45
-3.26
-2.88
3.67
6.88
9.45
-9.75
-3.64
-3.13
2.30
2.86
29.14
-19.81
1.16
4.34
-4.77
-2.79
-4.72
2.17
-0.95
9.26
-13.42
-4.82
-0.97
-0.63
-0.58
-3.64
-16.86
10.02
0.56
4.14
4.42
3.68
-1.39
-8.08
7.26
-12.63
3.32
7.91
-0.58
7.04
-7.62
-4.02
23.84
-18.48
-5.36
1.54
4.21
-7.95
8.68
-8.71
-8.31
22.70
-1.39
11.15
-3.17
8.60
-2.77
4.75
-4.86
-4.84
7.05
4.11
-0.04
-6.64
-0.84
-7.13
2.16
6.06
-4.74
4.59
3.67
2.49
0.14
-0.59
-0.16
-0.45
1.17
2.21
0.33
-0.95
-1.05
1.14
-2.87
-1.68
7.52
-3.95
-0.27
25.25
1.33
-24.24
6.47
-6.69
-2.08
2.01
-1.07
2.02
-1.83
5.21
-5.62
0.01
-2.93
-0.42
-4.04
11.38
-8.96
-1.91
-0.23
1.77
-6.84
2.42
0.14
-6.83
3.11
-2.94
0.47
-1.30
-0.06
1.55
2.23
-3.80
-2.22
2.17
-0.98
-6.39
-5.22
-2.25
4.84
2.70
2.02
4.04
-11.71
