-0.09
-1.66
1.84
-0.36
-1.22
-0.07
-0.47
0.16
-1.11
-1.36
2.91
0.10
-1.50
-3.52
1.60
0.60
2.56
2.15
-0.62
-0.16
10.35
5.56
-6.02
20.60
-31.27
-0.39
3.91
-2.82
-1.83
-0.70
-1.26
1.92
-0.54
3.62
-2.08
-1.74
5.30
-5.42
-0.72
1.88
-0.15
-2.43
1.95
-0.45
-0.36
1.22
0.44
-1.97
4.04
-0.75
2.26
-3.59
0.05
0.12
-1.90
0.11
0.95
-0.92
-0.39
0.82
-0.38
-3.62
3.55
-1.04
1.49
1.28
0.64
-0.94
2.45
-0.43
-1.80
-2.39
1.76
-0.02
-0.89
-0.88
-0.61
-9.10
0.31
-9.67
12.36
6.95
2.54
-4.91
5.10
1.86
-2.58
0.91
-0.02
-0.45
-3.24
-5.35
-3.22
3.58
8.44
-0.25
-2.28
1.14
1.02
-1.18
0.48
0.95
0.76
0.73
1.61
-2.96
0.27
-0.57
0.15
-0.94
6.33
-7.52
0.78
-0.43
0.10
11.19
-8.83
-0.88
-1.03
2.64
-1.40
0.03
-0.34
-0.51
1.11
0.14
-2.83
1.55
3.19
-0.42
-1.96
0.29
-2.45
-0.89
1.67
-0.31
1.61
-0.08
-0.36
1.29
2.19
-1.07
-0.92
0.49
-1.37
0.27
-0.15
-1.64
0.64
0.09
1.31
-0.08
-0.44
-0.11
0.10
-1.29
0.41
0.52
0.30
11.59
-3.92
6.02
0.19
-12.01
-1.36
-0.23
0.57
5.99
7.88
-0.13
-1.35
-13.10
-0.39
-0.11
0.87
-0.75
2.29
0.93
-2.20
-0.64
1.02
-0.54
0.33
-0.22
0.57
-0.73
0.00
3.56
-2.61
-1.41
1.15
-0.35
-0.62
-0.08
0.46
0.69
1.16
-2.16
-9.83
5.04
5.14
0.01
-2.98
2.79
0.22
-0.28
-0.22
-0.71
0.33
0.22
-0.09
0.08
0.09
0.05
-0.16
-0.10
0.16
-0.36
0.37
-0.74
0.99
-0.82
-0.13
0.55
0.06
-0.12
0.31
-0.20
-0.37
-0.62
0.75
0.48
1.67
-1.70
-0.25
-0.41
0.36
1.25
-0.09
0.41
-0.78
-1.21
-0.49
1.16
1.72
-1.59
-0.45
-0.10
-0.56
-0.40
5.60
-0.24
26.49
-26.47
-3.55
5.09
-4.78
5.40
-0.36
-2.01
-0.85
1.18
-4.25
-0.47
4.16
16.79
-10.11
2.14
-13.03
-0.32
-0.31
-0.03
-1.41
2.26
0.05
-0.56
0.82
-0.60
-3.16
-0.16
2.03
-0.49
0.13
1.18
-0.67
-0.78
0.91
1.08
-1.39
0.09
-0.07
0.87
-1.79
0.55
0.73
-0.57
0.01
-0.19
-0.44
-0.07
4.79
-3.19
0.29
0.59
0.32
-0.51
-3.70
2.09
1.30
-0.05
-1.59
0.28
1.35
-0.96
0.26
0.89
8.35
-5.78
-2.83
0.20
0.57
-1.72
2.74
-0.47
0.10
0.97
9.17
-14.53
4.04
-1.06
0.60
-0.48
-0.46
1.43
-1.45
-1.23
-0.14
2.44
0.85
-0.64
0.00
-0.83
0.81
1.60
5.88
-6.85
1.71
-1.16
1.58
10.53
2.25
1.05
-2.47
-12.70
-1.64
-0.48
-0.05
-2.97
-4.67
-16.20
16.20
5.87
-4.73
-12.22
12.02
-1.50
16.00
12.70
-13.70
-1.25
24.95
-17.61
20.81
-32.39
1.39
-1.02
-6.28
9.45
15.13
-24.19
-0.19
17.06
-6.54
12.21
41.16
200.43
-59.42
-146.11
100.54
-11.28
-81.61
-7.71
-10.15
-18.68
-14.07
-5.83
-2.34
1.05
-2.83
0.42
6.74
-10.00
4.64
-0.34
1.01
15.48
60.48
-64.25
-11.45
6.63
3.62
5.53
-11.47
-4.06
2.44
-3.22
-0.22
-0.62
0.48
3.61
16.06
5.00
14.42
-24.26
-13.44
15.62
5.87
-1.08
10.54
-13.06
-15.69
-3.95
7.11
-4.34
-1.40
18.54
-2.38
-15.34
-1.97
11.25
1.92
-9.94
-1.58
-5.47
2.22
-0.09
3.14
8.65
10.38
16.68
-33.12
-4.10
-1.07
-1.43
7.58
1.99
4.68
-11.60
-2.31
-0.32
0.48
-2.66
1.64
2.48
0.79
-1.98
-1.42
-1.01
6.19
-2.51
6.80
-3.08
-0.92
-4.65
-0.48
3.32
-0.95
-0.14
-0.12
-1.74
-0.09
4.91
-2.08
-1.26
-0.50
-1.79
-1.42
0.13
2.56
4.11
-4.78
2.68
-1.34
-2.91
0.88
1.57
-0.62
-1.41
0.06
-4.84
4.11
-3.25
3.48
13.14
-7.86
-3.79
6.89
-10.66
-3.74
-0.58
6.25
-0.02
2.28
-1.90
-1.30
1.43
-0.42
2.69
0.15
-0.54
0.26
-1.38
0.56
-1.54
3.26
1.44
1.12
-3.05
-0.63
-1.46
-0.57
1.59
-0.71
0.83
-0.41
-1.46
-4.36
4.48
1.97
0.78
1.63
-1.45
-2.35
0.52
0.57
2.78
1.29
-1.47
-2.83
-0.81
-0.01
-0.42
4.91
-2.17
-0.58
-0.06
-0.59
-2.34
2.77
0.11
0.68
7.86
-8.43
-3.86
0.49
-1.26
2.20
2.60
-2.03
0.08
-3.24
-0.07
2.40
-2.10
2.29
0.26
0.59
-3.30
1.51
0.18
0.67
1.47
-0.74
0.10
-1.89
-1.93
1.33
1.18
0.84
-0.26
-1.53
-1.52
-2.91
-0.83
1.59
3.53
-0.93
-0.59
-0.36
-3.33
3.25
2.59
2.30
-0.32
-1.63
-3.76
0.15
2.17
6.75
-2.03
-0.85
-0.68
0.07
-1.91
1.12
3.42
-2.51
0.17
0.10
-7.46
0.53
-0.15
0.96
0.23
-1.60
0.39
-1.51
-2.98
7.07
-1.00
-0.71
-2.24
-1.51
-2.83
4.95
-3.46
4.54
3.94
-1.64
-4.69
1.62
14.39
-15.29
0.59
2.56
-6.61
4.44
-2.49
-0.93
24.09
-11.93
11.26
-6.41
2.91
-0.36
4.47
-2.10
2.34
2.59
-4.51
6.15
-4.82
0.02
-13.91
-0.13
8.68
-11.97
-6.21
25.25
-1.50
-15.66
16.18
0.06
4.81
-9.26
8.54
0.08
1.00
-0.35
-1.67
-2.53
-7.71
7.55
4.26
-5.07
4.34
8.51
2.07
6.46
-18.60
-0.05
1.63
-2.51
-1.00
1.74
2.56
-4.23
1.63
-6.22
3.52
-1.47
-1.10
7.45
-5.90
-2.18
-11.77
9.39
-4.81
-2.96
-8.63
8.93
-0.27
10.97
-9.80
-1.32
-2.59
1.28
-1.46
-4.62
0.78
1.34
-2.51
-5.87
-3.69
6.65
6.32
-5.70
3.24
0.69
