0.32
0.42
-0.40
-0.20
-0.50
0.07
-0.31
0.20
-0.04
-0.28
0.04
-0.09
-0.03
-0.60
0.14
0.63
1.22
0.26
-0.06
-1.79
1.09
1.40
1.51
0.85
-1.25
-2.00
1.00
-1.22
-1.47
-0.45
-0.09
0.58
-0.08
2.66
-1.91
-0.17
-0.41
0.19
1.03
-0.40
-0.41
-0.12
-0.46
0.54
-0.06
-0.40
0.94
0.00
0.17
1.19
-0.26
-0.88
-0.14
0.04
-0.46
0.08
0.71
-0.71
0.04
-0.34
-0.32
0.60
0.07
-0.85
1.02
-0.28
0.39
-0.30
-0.50
0.19
-0.13
0.72
-1.22
-0.52
0.03
1.10
-0.53
0.34
-0.08
-2.63
1.08
1.66
0.24
0.61
2.25
-2.10
0.09
-0.45
0.06
0.04
-0.25
-0.08
-0.07
-0.23
0.44
0.11
-0.06
-0.96
0.51
-0.09
0.32
0.24
0.31
-0.17
1.13
-1.19
-0.46
0.09
-0.06
0.18
-0.19
0.02
0.39
-1.12
0.81
-0.28
0.48
-0.13
-0.20
0.40
-0.26
0.11
0.02
-0.03
-0.25
-0.16
-0.03
0.13
0.02
0.51
0.04
-0.31
-0.01
-0.73
0.84
-0.48
0.35
0.10
-0.39
0.20
0.60
2.23
-1.79
-0.91
0.33
0.10
-0.24
0.06
0.04
0.27
0.28
-0.15
0.02
-0.45
-0.25
-0.26
-0.19
0.12
0.23
0.33
0.50
13.51
-12.35
-1.28
-0.17
0.04
0.25
0.93
6.70
-4.92
-0.45
-2.92
-0.13
0.16
0.38
0.21
0.01
0.44
0.05
-0.76
0.01
-0.43
0.25
0.31
-0.27
0.02
2.15
-0.49
-1.39
-0.54
0.39
-0.05
-0.01
0.18
-0.15
0.83
0.60
-1.47
0.08
0.53
-0.14
-0.36
-0.68
0.33
0.46
-0.48
-0.24
-0.34
0.32
-0.22
-0.12
0.41
0.06
-0.10
0.41
-0.51
0.10
-0.31
-0.05
0.40
0.32
-0.24
-0.12
-0.26
0.06
0.10
-0.41
0.09
0.33
0.02
-0.40
0.36
0.04
0.18
0.03
-0.23
-0.11
-0.23
0.60
-0.16
0.12
-0.34
0.07
0.46
0.10
-0.31
-0.08
-0.12
-0.71
-0.14
-0.10
6.31
9.18
-13.61
-1.05
1.35
-1.13
0.04
1.14
-0.37
-0.49
-0.25
-0.16
-0.21
0.22
1.44
2.82
0.69
-4.70
-0.57
-0.19
0.11
-0.20
0.27
0.03
0.11
0.04
0.12
-0.37
0.29
-0.32
-0.05
-0.10
0.35
-0.03
-1.24
0.41
0.80
-0.32
0.09
0.25
0.01
-0.06
-0.30
0.11
-0.05
0.44
-1.39
1.05
0.52
0.49
-0.75
-0.05
-0.07
0.16
0.24
0.22
-0.31
-0.26
0.12
-0.07
0.24
0.05
-0.32
-0.04
1.14
-0.79
0.23
-0.26
-0.37
0.10
-0.05
1.62
0.40
-1.53
1.52
2.80
-3.15
-1.97
0.83
-0.66
1.21
-0.22
-0.48
1.00
-0.80
-0.11
0.11
-0.08
0.02
0.00
0.45
0.23
0.49
1.25
-0.45
0.16
-2.55
1.33
0.87
-0.87
3.91
2.94
-6.70
-1.24
-0.52
-0.26
-0.30
-0.58
-1.21
2.07
1.20
0.13
-0.56
0.52
-0.69
3.57
31.63
-26.29
-6.14
82.26
-49.89
-17.46
-15.87
1.46
-2.04
0.04
1.28
3.80
-4.09
-0.12
15.70
-8.49
-3.90
16.29
117.96
68.88
-127.79
94.98
-44.91
-87.87
-15.94
1.31
-11.30
-9.96
-3.73
-1.46
-0.11
-1.22
0.92
3.22
-2.69
1.52
-0.27
0.64
10.75
26.04
-28.90
-6.74
2.71
2.08
-0.05
-5.61
-0.74
-0.42
-0.51
-0.57
0.89
-1.15
4.85
2.76
5.27
20.07
-10.25
-19.42
-0.96
18.69
-8.73
4.81
-3.82
-4.78
-7.63
0.39
-1.25
-0.52
1.43
-0.18
-0.14
-0.51
-0.13
-0.56
0.24
0.05
-0.76
0.53
0.11
0.26
3.28
8.28
-0.07
-9.55
-1.99
-1.13
-0.16
-1.39
0.29
10.06
-8.11
-0.87
0.27
0.32
-0.84
0.44
0.81
-0.33
-0.52
-0.58
-1.45
2.23
0.30
1.35
-0.13
0.78
-2.02
-0.56
0.18
-0.06
0.31
0.07
0.17
-0.81
-0.10
1.17
0.18
-0.94
-0.69
-1.33
1.07
0.17
1.23
-0.85
-0.18
0.84
-0.88
0.06
0.18
-0.75
-0.91
-0.31
-0.22
1.06
-0.89
-2.88
6.75
-2.20
4.03
5.33
-10.84
-2.79
-0.29
0.86
2.20
0.26
0.22
0.12
0.74
-0.83
1.29
0.60
-0.35
0.15
-0.12
0.19
-0.12
0.19
-0.47
-0.23
0.44
-0.13
-0.32
-1.25
0.79
0.92
0.70
-0.81
-0.90
-3.77
2.85
0.54
1.11
1.52
-0.31
-0.67
-0.09
-0.10
0.57
0.49
0.37
-0.46
-1.57
0.11
-0.02
0.71
0.42
0.12
-0.54
-0.37
-0.09
0.36
0.87
-0.15
1.82
3.81
-7.29
-0.09
-0.68
0.02
0.08
0.64
0.42
-0.94
0.29
0.05
-1.35
1.54
0.18
-0.42
-0.57
0.28
-0.09
0.18
0.29
0.20
0.19
-1.43
-0.44
-1.64
2.93
-0.41
0.37
-1.61
-0.39
-2.98
-0.46
3.93
0.81
0.58
-0.41
0.97
-6.19
3.65
1.58
1.33
-0.07
-0.83
-2.58
-1.27
3.30
1.67
-0.04
-0.10
0.11
-0.56
0.67
-0.27
-0.54
0.49
0.07
0.32
-5.26
0.77
-0.78
-0.05
0.58
-2.14
0.08
-2.72
-3.52
6.04
-2.54
3.46
-0.02
0.91
-4.80
5.89
-5.14
3.16
2.21
0.12
0.37
-4.11
11.86
-7.71
-0.35
-1.55
-3.78
0.89
-1.03
0.90
3.50
6.65
13.96
-9.40
2.75
3.67
-2.33
4.39
-1.75
0.92
-1.70
-0.54
1.71
0.49
1.57
-4.69
0.26
1.06
-0.96
3.42
0.10
0.83
0.32
1.58
-1.59
0.10
1.27
-1.44
0.17
1.35
-0.83
-13.62
2.65
10.03
1.39
-2.00
1.55
5.14
-2.11
-1.68
-1.97
0.22
-0.99
-9.49
7.80
0.26
4.56
-1.45
-1.00
-10.87
4.67
0.11
1.32
1.09
-1.84
4.37
-4.05
-2.17
0.26
-8.51
-0.52
0.89
-0.20
1.42
-1.85
0.06
0.03
0.60
0.52
-2.50
1.01
-1.59
-4.24
-0.87
-0.48
1.02
3.64
-1.82
2.59
0.61
