0.38
0.44
-0.40
-0.30
-0.54
0.02
-0.08
-0.10
0.05
-0.20
0.20
-0.18
-0.01
-0.62
0.14
0.57
0.92
0.69
-0.63
-0.61
0.97
1.11
2.41
1.53
-5.18
-0.43
1.02
-0.99
-1.64
0.06
0.00
1.06
-0.16
1.83
-1.92
-0.11
0.05
0.13
-0.19
0.29
0.02
-0.57
0.17
0.25
0.09
-0.60
1.01
-0.22
0.42
0.65
0.63
-1.30
-0.61
0.27
-0.31
0.02
0.90
-0.81
0.17
-0.98
-0.46
0.16
1.32
-1.46
1.29
0.11
0.25
-0.37
-0.34
0.37
-0.16
1.63
-2.10
-0.95
-0.58
1.59
-0.34
-1.04
-0.39
-4.55
2.34
3.41
0.62
0.25
3.10
-1.96
-0.47
-0.22
0.29
0.15
-0.65
-0.71
-0.27
-0.66
2.11
-0.05
-0.45
-0.36
0.29
0.54
-0.54
0.07
0.06
0.85
0.50
-1.27
-0.07
-0.14
0.48
-0.43
-0.14
0.08
0.70
-1.65
1.11
-0.22
0.35
-0.16
-0.10
0.60
-0.06
0.00
-0.07
-0.45
-0.14
0.46
-0.48
-0.14
0.01
0.64
-0.23
-0.07
0.07
-0.28
0.36
-0.28
0.02
0.14
-0.43
0.60
-0.25
1.40
-0.86
-0.37
0.11
-0.10
0.00
0.29
-0.05
0.26
-0.09
-0.20
0.47
-0.44
-0.22
-0.27
-0.16
0.07
0.04
0.37
0.65
13.79
-12.50
-1.45
-0.37
-0.36
0.29
1.44
11.64
-9.64
-0.59
-3.06
-0.53
0.29
0.55
0.08
0.39
-0.21
-0.28
-0.40
-0.14
0.44
0.13
-0.18
-0.19
-0.03
0.37
0.52
-0.21
-0.57
0.49
-0.24
-0.08
-0.20
-0.10
0.79
0.81
-1.07
0.04
0.46
-0.74
-0.07
-0.36
0.25
0.46
-0.32
-0.35
-0.24
0.25
-0.05
-0.02
0.24
0.16
-0.33
0.06
-0.19
0.41
-0.47
0.08
0.17
0.27
-0.45
-0.25
0.22
0.04
0.14
-0.25
-0.12
0.12
0.08
-0.21
0.31
-0.02
0.15
-0.15
-0.17
0.03
-0.04
0.39
-0.13
0.20
-0.37
-0.26
0.48
0.49
-0.34
-0.20
-0.40
-0.25
-0.10
-0.17
6.79
4.19
-9.78
-0.11
0.69
-1.10
0.42
0.91
-0.35
0.47
-0.77
-0.18
-0.49
0.51
1.82
0.41
0.83
-3.09
-0.49
-0.29
-0.06
0.25
0.47
-0.28
-0.36
0.54
-0.23
-1.66
1.52
0.05
0.11
-0.44
0.38
-0.25
-0.96
0.61
1.02
-0.91
0.23
-0.44
0.20
-1.55
0.74
1.02
-1.30
-0.82
2.08
-1.26
1.25
0.57
-1.49
0.41
0.30
0.58
-0.39
-1.03
0.78
0.38
0.40
-0.80
-0.32
0.94
-1.06
0.40
-0.80
1.47
0.26
-0.19
-0.59
0.29
0.12
1.43
0.76
-1.83
0.11
3.39
-3.15
-0.86
0.68
-0.39
0.68
-0.86
0.41
0.43
-0.03
-0.33
0.23
-0.09
-0.09
0.37
0.24
0.00
0.41
1.26
-0.44
0.04
-0.96
0.02
1.93
-0.14
2.32
2.06
-5.91
-1.57
-0.25
-0.18
-1.70
-0.97
-2.50
4.92
1.22
0.01
-1.16
1.42
-1.45
5.43
21.31
-21.13
-2.40
60.88
-33.47
-15.66
-13.10
1.35
-1.42
-0.11
1.12
4.25
-4.73
-1.30
4.46
0.76
-1.28
32.34
99.18
61.09
-69.34
30.40
-41.72
-93.86
12.31
5.38
-24.89
-10.52
-1.77
-1.16
0.01
-1.26
0.68
3.20
-4.26
3.05
-0.32
0.63
17.55
26.68
-37.40
-4.97
3.23
3.45
-1.52
-5.82
0.23
-0.92
-1.56
-0.53
0.69
-1.40
3.76
1.62
6.45
19.96
-12.78
-16.56
0.48
19.45
-9.73
5.17
-7.75
-6.05
-2.68
2.09
-2.59
-0.09
3.39
3.26
-5.37
-1.43
2.82
-0.70
-0.77
-1.16
-0.59
-0.13
0.27
1.53
2.36
12.97
-3.44
-11.27
-1.73
-1.54
-0.29
-1.57
1.31
8.40
-6.63
-1.77
0.51
0.75
-1.09
0.70
2.04
-1.11
-0.98
-0.93
-2.28
3.88
-2.51
4.54
-0.60
1.58
-3.77
-0.83
1.43
-0.58
-0.32
0.83
-0.19
-0.62
0.05
0.89
0.30
-1.02
-1.15
-1.19
1.41
-0.30
2.13
-1.55
0.25
0.89
-1.70
0.47
0.53
-2.49
-0.57
0.19
-0.78
1.96
-2.18
-4.15
11.29
-6.34
6.31
7.44
-14.54
-2.27
-1.21
3.18
0.54
1.68
0.16
-0.72
1.12
-1.20
2.69
0.15
-0.28
0.21
-0.54
-0.03
-0.06
0.54
-0.80
0.49
0.02
-0.03
-0.94
-0.91
0.54
1.28
0.56
-1.17
-0.77
-3.68
3.63
0.14
1.12
1.04
0.03
-1.13
-0.08
0.49
0.42
0.37
0.28
-0.69
-1.35
-0.39
0.01
1.49
0.45
0.01
-0.60
-0.33
-1.04
0.69
1.70
-0.54
1.54
1.36
-4.79
0.26
-1.96
1.43
-0.02
0.54
0.23
-0.41
-0.85
0.54
-1.34
0.99
0.81
-0.06
-1.53
1.41
-0.69
0.44
0.56
0.23
0.05
-1.31
-1.32
-0.70
3.05
0.04
0.23
-2.34
-0.56
-1.05
-3.02
2.53
1.82
0.81
-0.28
0.31
-5.87
5.25
1.36
1.45
0.01
-0.85
-2.19
-1.55
2.75
2.10
0.22
-0.31
-0.09
-0.27
-0.58
0.41
-0.30
0.94
-0.01
-1.12
-5.17
1.44
-1.49
0.61
0.56
-1.14
0.12
-1.58
-5.89
6.27
-2.16
2.52
-0.10
1.58
-3.53
5.75
-5.46
2.36
4.39
-0.94
1.72
-4.53
10.51
-8.32
-0.33
-1.65
-4.24
2.28
-0.67
1.01
2.14
6.35
12.72
-8.40
4.56
2.10
-2.17
3.10
0.56
0.31
-0.23
1.16
-0.94
0.42
-2.20
-0.97
0.72
-0.24
0.76
2.44
-0.22
0.25
0.70
1.97
-2.52
1.41
1.12
-1.82
0.75
0.95
-0.96
-13.05
2.39
9.44
-0.58
0.09
0.95
5.08
-2.10
6.60
-9.86
-0.14
0.22
-6.71
5.09
-0.09
4.49
-0.85
-2.00
-8.93
4.72
-1.76
2.09
0.76
-2.28
1.62
-0.53
-1.42
4.46
-14.02
-0.41
0.83
-0.29
1.55
-1.94
0.10
0.12
0.71
-1.20
-3.28
3.35
-4.55
1.37
-4.71
-0.67
1.79
4.12
-3.08
2.66
-0.64
