-0.21
-0.40
0.79
-1.16
-0.72
-0.50
-0.31
0.92
0.10
-0.17
0.03
-0.38
0.12
-0.89
0.01
0.29
2.70
0.06
-1.31
-0.84
3.85
1.24
-0.44
6.09
-10.63
0.69
1.29
-0.75
-1.54
-1.03
-1.33
0.18
-0.58
5.06
-3.95
-1.15
1.32
-1.48
-1.14
3.26
-4.24
2.51
1.05
0.41
1.20
-1.42
1.31
-0.35
2.34
-0.61
0.39
-0.97
-1.05
0.03
0.41
0.51
0.34
-0.67
-0.28
-1.51
0.88
-0.17
3.59
-3.99
3.31
0.04
-2.29
-0.14
1.40
0.58
-0.60
0.21
0.82
-3.04
-0.13
-0.26
1.29
0.25
0.29
0.24
-0.33
-0.29
0.82
-0.45
2.87
-1.64
0.12
-0.86
-0.33
0.08
-0.31
-1.28
-0.46
0.16
2.04
-1.07
-0.60
-0.65
5.24
-6.60
1.86
1.26
0.64
0.12
1.98
-4.30
-6.49
2.41
6.11
-2.66
11.55
-9.27
-1.45
1.88
-0.57
9.75
-8.82
0.05
-1.54
0.95
-0.85
0.80
-0.42
-0.86
1.09
-0.85
-0.47
-2.90
4.78
1.83
-1.44
-0.87
-1.00
-7.68
1.57
0.06
6.26
-2.21
-5.51
2.49
4.09
6.22
-0.25
-1.26
-2.26
0.38
-10.55
-1.44
-5.87
10.51
3.36
4.52
0.81
-3.24
-1.26
-1.06
1.57
2.50
0.23
10.11
0.13
2.20
10.08
-19.78
-2.47
0.38
9.74
1.17
-0.87
3.04
-3.11
-10.16
-1.94
-0.69
3.07
5.24
8.46
1.51
-5.07
-2.34
-2.39
0.03
4.03
4.20
10.37
-9.90
0.94
-7.51
-3.96
-2.36
0.72
-0.68
-1.30
1.82
7.51
2.38
3.14
1.16
-11.73
-3.79
5.97
-1.37
-5.73
10.70
-10.42
1.16
0.58
0.51
0.06
-1.12
0.55
-2.13
-0.89
2.06
-0.64
2.87
-3.06
0.71
0.39
7.13
-4.55
-2.44
-0.37
1.41
-2.68
-0.29
1.99
0.38
-1.94
-0.86
3.18
7.00
-7.08
1.27
-2.80
-0.80
0.83
3.90
3.20
1.25
-7.72
-0.02
5.92
5.30
-9.95
-1.28
-2.34
-1.95
-1.58
-5.83
8.87
4.22
10.60
-9.39
-6.01
13.10
-4.92
9.36
5.90
-6.11
3.02
-2.87
-14.33
-2.00
22.14
0.04
1.00
-1.56
-24.74
0.07
-1.48
0.38
-0.32
9.38
-7.15
-10.22
10.06
3.76
1.33
-7.26
2.61
-1.95
1.30
1.21
-1.06
-0.79
0.75
0.95
-1.19
1.25
0.35
0.45
-0.70
1.28
1.04
-1.17
0.62
-0.12
-0.83
0.03
1.97
-1.71
-0.44
0.52
0.04
0.07
0.33
-0.31
0.31
0.06
-0.43
-0.55
-0.39
2.43
1.42
-2.09
-0.42
0.14
-1.16
-0.10
-0.13
0.78
24.09
-22.62
-1.08
-0.01
1.04
-0.54
-0.84
-0.28
-0.02
0.60
-0.82
0.14
-0.23
-0.39
-0.06
0.26
0.81
-3.12
1.08
1.68
0.98
0.19
3.42
-4.69
1.73
-0.22
-0.60
5.47
-2.32
-0.38
5.42
-7.95
-2.07
-0.17
-0.41
1.35
-2.74
-0.96
2.94
0.69
-3.39
2.38
1.28
-5.74
19.13
-0.40
-0.91
-4.93
60.12
-18.79
-21.96
-24.19
-0.84
-0.17
4.78
-0.09
-0.46
-5.36
-0.62
14.46
-8.75
13.59
16.65
200.83
-71.50
33.38
-25.74
-29.61
-106.14
60.78
-5.60
-65.60
-18.26
-5.48
-0.75
-0.04
-0.30
2.35
1.14
-1.51
-4.88
3.87
-2.94
11.09
15.29
-22.34
0.79
1.19
-0.84
3.56
-6.62
0.06
4.74
-3.14
-2.44
1.42
1.82
4.37
6.16
-8.32
12.47
-16.03
-0.40
1.40
14.77
-11.18
3.41
-2.12
-5.44
-1.21
0.90
-1.57
1.15
18.28
-17.76
-0.15
-0.78
15.37
-1.41
-13.64
-0.29
-0.52
-0.24
-0.40
2.02
5.06
9.00
8.04
-20.22
-2.11
-0.90
-0.61
8.58
-5.59
6.44
-7.88
-3.12
0.23
1.77
-2.20
1.18
1.05
1.34
-2.00
-3.23
2.08
5.08
-0.73
-1.69
0.11
0.94
-3.19
0.22
0.26
1.81
-0.86
-0.26
-0.91
-0.26
10.88
-7.38
0.56
-3.29
-0.50
-2.19
-0.86
2.69
4.34
-4.58
-5.78
-6.00
9.29
3.03
-2.93
-19.45
13.24
2.18
0.73
1.80
-2.35
6.59
11.04
-12.67
-9.15
19.05
-13.64
-1.93
-16.23
10.14
-5.23
17.51
-5.39
1.92
0.99
4.60
-2.39
-1.09
-0.18
20.02
-19.09
1.60
-1.84
8.55
4.18
12.20
-0.15
-18.58
5.22
5.79
-7.21
11.14
-16.75
-1.99
-4.87
-4.35
-0.34
22.19
1.00
1.36
-1.36
-13.55
2.65
3.80
32.25
-5.81
-18.44
-10.30
-0.25
-1.83
25.10
38.14
-31.27
-1.42
-23.30
-5.76
4.33
31.32
-13.25
-13.52
8.35
-6.82
-13.02
-2.65
2.77
6.12
47.33
-44.02
-8.04
-1.35
3.54
1.89
-7.89
8.17
-5.62
0.34
3.37
-12.12
19.68
3.25
-5.03
-14.37
1.31
4.46
1.07
23.79
-25.31
2.84
-5.12
-1.49
-4.78
-3.23
1.87
6.10
-1.20
-1.39
2.13
-6.17
-1.03
3.07
13.77
5.77
-11.10
-7.16
-3.01
13.32
0.42
50.69
-32.31
-4.85
10.62
28.65
-36.44
-20.45
2.14
-7.67
19.33
-15.93
-7.35
-1.20
0.09
4.05
-5.78
-0.60
-0.97
-0.52
3.74
3.65
-1.99
-1.21
-3.18
18.00
-25.65
3.26
9.86
-5.35
6.99
-5.97
-1.45
20.32
-0.95
-21.09
7.10
-0.27
-7.29
14.04
-17.41
-2.04
21.06
-1.30
13.94
-5.94
2.65
0.39
2.91
-5.06
2.13
4.97
-0.82
0.74
-4.10
-0.52
-1.41
-0.62
-0.77
1.12
-0.44
5.67
-1.16
0.44
1.86
0.72
-1.11
0.84
0.20
-1.93
-0.57
1.35
0.04
-14.17
12.52
2.41
-0.54
1.73
12.59
-0.61
-12.64
1.62
-3.22
-0.38
3.94
-2.52
0.55
-3.07
6.77
-4.52
-1.49
-7.12
4.65
-2.94
6.30
-4.15
-2.79
-1.14
3.74
-2.70
-5.15
-0.81
-7.01
5.71
-1.01
-0.19
-0.54
-0.56
1.23
1.41
-4.68
1.64
1.85
8.72
-14.57
-4.73
-0.45
1.60
2.30
0.49
1.05
2.40
