0.32
0.53
-0.43
-0.35
-0.58
0.10
-0.08
-0.22
0.15
-0.31
0.26
0.01
-0.13
-0.55
0.10
0.53
0.56
1.14
-0.74
-0.73
1.08
0.65
2.36
0.31
-3.74
-0.01
0.63
-0.72
-1.79
-0.07
-0.16
1.14
-0.16
2.06
-1.56
-0.22
-0.28
-0.15
0.60
0.28
-0.32
-0.62
0.13
0.28
0.09
-0.39
1.00
-0.37
0.46
0.72
0.23
-1.07
-0.59
0.33
-0.32
0.07
0.71
-0.68
0.09
-0.94
-0.52
1.03
0.31
-1.17
1.45
-0.26
0.36
-0.29
-0.33
0.16
-0.15
0.86
-1.33
-0.56
-0.16
1.11
-0.31
-0.18
0.12
-3.21
-0.13
2.89
0.36
1.02
2.06
-1.38
0.12
-0.55
0.06
0.02
0.12
-0.47
-0.49
-0.34
0.96
-0.11
-0.33
-0.31
0.07
-0.13
0.25
0.00
0.55
-0.39
1.08
-0.84
-0.11
-0.09
0.18
-0.20
0.42
-0.30
0.30
-1.32
1.04
-0.34
0.50
-0.04
-0.34
0.41
-0.07
0.00
0.10
-0.30
-0.10
0.06
-0.15
0.06
0.02
0.32
0.05
-0.19
0.08
-0.61
0.35
-0.21
0.20
0.25
-0.44
0.25
-0.11
0.69
-0.09
-0.25
0.11
-0.13
0.11
-0.05
-0.09
0.26
0.27
-0.22
0.11
-0.15
-0.33
-0.14
-0.12
-0.08
0.20
0.31
0.47
12.85
-11.75
-1.19
-0.47
-0.11
0.43
0.85
8.57
-6.18
-0.32
-3.37
-0.36
0.25
0.75
-0.28
0.05
-0.20
0.01
-0.19
-0.13
0.21
0.10
-0.18
-0.01
0.01
0.34
0.20
-0.10
-0.50
0.26
0.03
-0.02
-0.09
-0.11
0.37
0.82
-0.86
0.20
0.29
-0.45
-0.21
-0.29
0.00
0.48
-0.45
-0.26
0.01
0.27
-0.22
-0.01
0.09
0.15
-0.05
0.15
-0.43
0.14
-0.11
-0.02
0.20
0.33
-0.34
-0.15
0.09
0.04
-0.10
-0.53
0.39
0.04
0.07
-0.22
0.26
0.02
0.11
-0.10
-0.07
0.05
-0.21
0.44
-0.21
0.18
-0.30
-0.10
0.47
0.18
-0.11
-0.30
-0.23
-0.63
0.22
-0.13
6.25
2.92
-7.92
-0.88
1.22
-0.89
0.35
0.61
-0.47
0.28
-0.43
-0.11
-0.26
-0.02
1.23
1.89
0.02
-2.73
-0.48
-0.21
-0.07
0.08
0.18
0.05
0.09
0.09
-0.09
-0.88
0.61
0.11
-0.01
-0.17
0.32
-0.26
-0.86
0.60
0.63
-0.39
0.08
0.17
-0.06
-0.75
0.55
-0.28
0.29
0.51
-1.31
-0.76
1.90
0.09
-0.86
0.69
-0.14
0.22
-0.10
-0.39
0.21
0.09
0.15
-0.16
-0.56
0.94
-0.75
0.18
-0.21
0.06
1.48
-1.27
-0.20
0.21
0.21
1.17
-0.09
-0.81
0.09
3.84
-3.37
-1.32
0.91
-0.42
0.81
-0.83
0.32
0.34
-0.03
-0.32
0.21
-0.04
-0.13
0.35
0.30
-0.23
0.83
0.77
-0.07
-0.37
-0.40
-0.35
1.14
-0.52
3.26
2.78
-6.30
-1.43
-0.27
-0.22
-1.37
-1.49
1.20
1.74
0.86
0.21
-0.96
0.90
0.12
1.93
22.22
-19.72
-2.79
52.28
-24.56
-18.61
-9.67
0.67
-1.41
-0.17
1.59
1.67
-2.42
-1.35
5.14
-0.65
-1.07
25.32
94.30
39.18
-67.40
54.82
-48.26
-79.47
7.44
-4.05
-14.31
-7.23
-1.47
-1.18
0.10
-1.29
0.66
3.19
-4.00
3.36
-0.53
0.44
12.38
17.03
-24.15
-4.05
3.59
3.11
-1.32
-5.53
-0.17
-0.80
-1.27
-0.83
1.09
-1.17
5.60
-1.82
7.40
16.26
-8.17
-16.77
0.27
20.67
-13.29
5.71
-7.86
-3.67
-3.10
0.67
-1.26
-0.33
2.13
-0.53
-0.83
-0.65
0.38
-0.99
0.03
0.29
-0.69
0.50
0.11
0.51
3.08
8.41
1.09
-11.82
-0.72
-1.38
-0.27
-1.43
0.68
8.50
-6.85
-1.31
0.57
-0.11
-0.35
0.45
1.32
-0.44
-0.96
-0.60
-2.21
3.05
-0.33
1.96
-0.13
1.71
-3.20
-0.67
0.79
-0.10
0.08
0.27
0.09
-0.87
0.04
1.18
0.04
-0.88
-0.77
-1.65
1.43
-0.01
1.38
-0.89
-0.03
0.56
-0.92
0.12
0.22
-1.34
0.14
-0.56
-0.32
0.89
-1.33
-2.93
7.20
-2.36
3.84
6.08
-10.74
-3.20
-0.58
1.56
1.44
1.02
0.18
0.04
0.40
-0.60
1.09
0.52
-0.34
0.16
-0.21
0.13
-0.21
0.40
-0.71
0.63
-0.24
-0.11
-0.63
-1.25
0.49
1.68
0.29
-0.86
-1.07
-2.10
2.21
0.46
0.62
0.54
0.65
-0.79
-0.01
0.14
0.12
0.72
0.11
-0.58
-1.03
-0.11
-0.51
1.07
0.48
0.06
-0.51
-0.16
-0.63
0.63
1.09
-0.44
1.99
1.09
-4.35
-0.07
-0.72
-0.05
-0.13
0.82
0.10
-0.14
-0.44
0.39
-0.84
1.03
0.18
-0.18
-1.28
1.21
-0.14
0.08
0.25
-0.09
0.21
-0.84
-0.27
-1.99
2.46
0.13
0.16
-0.86
-1.30
-0.62
-3.47
2.71
0.90
1.58
-0.39
1.14
-6.01
3.52
1.81
1.72
-0.51
-0.88
-1.63
-1.10
1.92
2.36
0.31
-0.58
-0.38
0.12
-0.34
0.23
-0.15
0.53
0.08
-1.40
-6.59
3.42
-0.21
0.48
0.92
-3.90
2.55
-2.28
-5.73
6.09
-2.34
3.69
0.28
0.32
-4.20
6.69
-4.85
2.56
3.02
-0.64
1.32
-4.34
9.55
-7.92
-0.21
-1.89
-2.99
1.62
-1.11
-0.07
3.91
7.72
10.22
-8.23
3.76
3.52
-3.34
5.85
-1.25
0.37
-0.45
-2.56
2.95
0.43
0.86
-5.64
1.86
1.33
1.24
0.82
-0.77
0.69
0.88
1.10
-1.84
0.95
1.18
-1.34
0.33
1.41
-0.95
-13.10
1.89
9.43
-0.04
0.10
0.35
6.44
-3.56
-0.38
-2.11
-0.01
-0.17
-9.51
7.58
0.13
4.71
-1.32
-1.77
-9.05
3.61
-0.63
2.34
0.87
-2.25
1.83
-0.72
-2.79
5.69
-13.76
-0.13
0.41
-0.29
0.57
-0.92
0.03
-0.11
0.56
-1.38
-3.37
3.99
-4.89
1.75
-4.83
0.22
0.57
4.36
-2.68
2.92
-0.38
