-0.08
0.48
0.64
-1.09
-0.70
-0.55
-0.14
0.53
0.68
-0.63
0.08
-0.55
0.23
-0.65
-0.26
0.32
2.89
0.16
-1.39
-0.95
3.57
0.96
0.60
8.30
-13.73
0.79
1.65
-0.62
-1.65
-0.90
-2.15
0.21
0.16
5.06
-3.81
-1.08
1.38
-2.19
-1.44
4.02
-4.16
2.20
0.92
0.51
1.27
-1.37
0.90
0.53
1.98
-1.07
0.60
-0.80
-1.25
0.28
0.12
1.00
-0.01
-0.68
-0.19
-1.00
0.81
-0.34
3.28
-4.73
3.97
-0.18
-1.77
-0.06
0.96
0.59
-0.47
0.25
0.77
-2.96
-0.27
-0.05
1.01
0.34
0.34
-0.11
-0.30
-0.22
0.26
0.30
2.66
-1.54
0.30
-0.91
-0.25
-0.21
-0.27
-1.17
-0.86
0.69
1.76
-0.65
-1.52
0.65
3.22
-8.52
5.06
0.72
0.90
-0.48
2.76
-3.81
-4.76
0.48
5.68
-2.67
11.22
-9.73
-0.33
1.45
-0.10
9.74
-8.82
-0.63
-0.68
0.94
-0.83
0.12
-0.15
-0.74
1.20
-1.18
-0.36
-3.01
4.94
1.02
-0.72
-0.31
-1.55
-6.32
1.48
-0.34
5.93
-1.50
-5.86
4.71
0.11
6.41
0.39
-1.33
-1.83
0.27
-6.97
-0.91
-6.04
6.73
5.37
1.25
2.43
-3.66
-0.59
-1.59
1.55
1.84
1.00
10.25
0.06
2.16
10.18
-20.73
-1.99
-0.10
10.19
0.41
3.07
0.07
-3.11
-10.27
-1.32
-1.02
3.32
5.02
7.77
0.53
-4.02
-1.28
-3.19
-2.18
3.44
4.09
11.52
-9.63
1.73
-6.96
-5.39
-2.54
1.91
0.26
-1.97
0.58
8.15
1.25
4.72
0.05
-13.24
0.83
3.79
-2.68
-5.61
9.83
-8.42
1.18
0.03
1.04
-0.32
-0.90
0.30
-3.23
0.81
1.69
-0.72
2.84
-2.52
0.80
-0.24
5.23
-2.79
-1.76
-1.53
2.45
-2.02
-0.62
1.61
0.56
-1.51
-0.73
2.09
7.49
-7.08
1.92
-3.07
-0.83
0.54
2.42
3.38
0.30
-5.40
-2.66
9.38
1.47
-6.40
0.00
-3.79
-1.12
-2.35
-5.49
12.38
6.98
8.30
-11.61
-6.63
11.12
-4.45
8.52
6.17
-8.79
3.34
1.97
-16.86
-1.53
21.59
0.97
-0.35
-0.49
-24.67
0.33
-1.12
0.57
-0.68
8.65
-6.29
-5.86
5.25
3.12
0.86
-6.46
2.95
-2.30
1.12
1.56
-0.79
-0.82
0.59
0.80
-1.14
0.85
0.20
0.27
-0.19
1.16
0.88
-0.83
0.79
-0.35
-0.61
-0.03
1.93
-1.75
-0.36
0.32
0.26
0.25
0.12
-0.18
0.18
-0.02
-0.25
-0.35
-0.46
2.45
1.38
-2.07
-0.36
-0.19
-1.11
-0.01
0.14
0.68
22.84
-21.76
-0.84
-0.06
0.66
0.20
-0.99
-0.34
-0.19
0.51
-0.56
-0.08
-0.31
-0.32
0.16
0.02
0.96
-3.87
1.93
1.52
1.07
0.12
1.86
-1.83
0.73
-0.79
-2.32
6.74
-1.66
-0.29
5.54
-7.69
-1.97
-0.95
-0.46
1.73
-3.09
-0.11
2.92
0.54
-3.01
1.52
1.38
-5.16
18.78
4.11
-1.79
-8.66
59.90
-17.70
-19.49
-25.97
-2.24
-0.31
6.04
-0.48
1.45
-7.30
-1.28
21.01
-14.09
15.62
17.93
93.85
10.92
-0.19
47.19
-32.32
-119.04
43.65
-4.09
-51.67
-22.00
-3.94
-0.97
1.79
-2.19
2.14
3.63
-2.95
-5.60
4.64
-3.81
9.99
22.79
-29.96
2.08
2.66
-1.45
3.99
-9.05
0.78
7.16
-4.49
-2.61
1.78
0.38
5.26
4.38
-5.16
13.21
-18.41
-0.40
-1.84
22.47
-12.18
0.15
-0.71
-6.61
-1.68
0.75
-1.48
1.26
18.07
-17.49
-0.13
-0.82
15.04
-2.66
-12.12
0.23
-0.91
-0.18
-0.47
2.66
4.83
7.70
12.41
-23.89
-1.64
-1.13
-0.47
10.53
-7.70
7.15
-8.59
-3.99
0.83
2.01
-2.31
1.52
0.51
1.57
-1.95
-3.22
1.70
6.10
-1.24
-1.13
0.12
0.62
-3.81
0.67
0.14
1.76
-0.85
-0.25
-0.80
-0.54
13.32
-10.24
0.78
-2.96
-0.86
-2.45
0.04
2.89
5.74
-6.67
-3.35
-6.26
7.40
2.70
-3.15
-10.99
5.05
0.65
1.70
2.09
-1.28
2.25
16.40
-14.31
-7.50
17.36
-13.47
-2.68
-12.49
9.85
-8.41
18.09
-5.53
2.16
1.30
3.38
1.17
0.89
-4.37
20.43
-18.79
1.77
-4.33
10.47
6.51
5.97
4.55
-21.24
-2.36
8.12
-8.64
14.44
-14.64
-0.36
-3.44
-6.12
0.08
15.59
2.60
4.41
-0.82
-12.00
1.78
2.05
27.10
1.06
-17.55
-10.11
-2.10
-1.47
16.73
39.51
-30.28
-13.30
-5.91
-6.19
4.70
22.17
-7.58
-8.28
14.38
-20.77
-4.26
-2.86
1.14
6.33
33.36
-35.53
-3.52
-1.94
2.70
4.16
-7.45
3.43
-3.17
0.04
3.54
-8.01
11.26
4.99
-6.77
-5.97
1.27
0.97
-1.33
21.57
-19.49
4.11
-6.61
-2.45
-4.39
0.57
1.55
4.09
0.40
-2.00
1.83
-6.32
-1.58
2.36
10.63
5.95
-6.88
-7.56
-3.39
10.26
-0.45
38.91
-25.28
1.94
4.75
17.13
-22.97
-14.25
2.34
-5.79
16.72
-14.58
-8.57
0.31
-0.23
6.09
-6.91
-2.74
-0.14
-1.73
4.19
1.58
-0.44
0.62
-3.04
11.03
-20.79
6.73
9.69
-6.88
6.64
-3.01
-3.65
13.51
5.37
-18.12
4.51
0.08
-6.96
12.43
-16.17
-2.52
25.59
-5.68
12.10
-3.14
2.42
-0.70
2.59
-1.50
-1.54
4.18
0.08
0.63
-3.50
-0.95
-0.82
-1.12
-2.37
2.91
-1.76
6.34
-1.82
2.03
0.77
1.22
-1.35
1.30
0.49
-2.24
-0.43
1.56
-0.70
-14.05
11.37
4.58
-0.95
-0.56
18.11
-3.84
-12.97
0.80
-2.40
-0.33
3.67
-2.47
0.55
-2.75
6.33
-3.89
-1.43
-7.34
3.76
-1.32
5.41
-4.65
-1.79
-1.57
2.65
-0.99
-6.05
0.95
-8.60
5.81
-1.20
-0.65
0.66
-1.13
1.31
1.26
-4.08
1.38
0.76
9.26
-14.98
-4.93
0.25
1.85
1.39
0.89
1.95
1.33
