0.50
0.30
-0.36
-0.23
-0.71
0.24
-0.09
-0.26
0.06
-0.58
0.53
0.09
-0.36
-1.11
-0.32
0.61
1.66
1.09
-0.42
-1.00
1.01
2.06
1.64
2.76
-6.22
-1.03
2.32
-1.81
-1.57
-0.09
0.20
0.89
-2.47
3.91
-1.29
-0.45
-0.12
-0.61
-0.20
0.70
-0.27
-0.25
0.26
0.58
-0.28
-0.36
1.02
-0.46
0.61
0.64
0.79
-1.40
-0.56
0.25
-0.50
-0.03
0.17
-0.71
0.02
-0.40
-0.71
-0.09
0.91
-2.12
2.58
1.11
-0.16
-0.25
0.03
0.24
-0.76
-3.78
0.07
2.96
-0.56
-1.54
0.75
-2.97
-1.29
-11.71
12.37
4.96
0.65
-2.33
2.96
0.07
-0.75
0.84
0.35
-0.27
-1.98
-4.89
-4.05
5.81
4.37
0.88
-1.61
-0.96
1.50
0.58
-1.19
1.04
0.45
0.63
0.07
-0.78
-0.62
-0.21
0.75
-0.20
-0.86
-1.39
1.09
-0.19
0.16
1.76
-0.02
-1.61
0.67
1.16
-0.43
0.19
-0.13
-0.54
-0.54
0.55
-1.24
0.75
-0.17
1.78
-0.70
-0.25
-0.85
-0.45
0.89
-0.23
0.44
0.34
-0.57
0.81
0.28
1.76
-1.73
-0.55
-0.02
-0.09
-0.04
-0.09
0.44
0.82
-0.63
-0.15
1.75
-1.75
-0.51
-0.15
0.08
-0.47
0.53
1.21
1.43
12.05
-11.58
-2.24
-0.51
-0.34
0.43
1.48
12.06
-2.15
-5.12
-6.12
-0.89
0.39
0.49
0.24
0.79
0.02
-1.15
-0.44
0.70
-0.32
0.27
-0.14
-0.10
-0.14
0.48
0.80
-0.63
-0.42
0.76
-0.53
-0.36
-0.27
0.24
2.15
-0.35
-0.89
0.24
-1.09
-0.09
-0.22
0.11
0.23
0.28
-0.36
-0.20
-0.42
0.24
0.13
-0.11
0.42
0.18
-0.42
-0.21
-0.20
0.67
-0.56
0.10
0.43
-0.11
-0.50
-0.10
0.50
-0.08
0.06
-0.53
0.17
-0.12
0.21
-0.23
0.59
0.03
0.13
-0.45
-0.32
0.16
0.26
0.64
-0.04
-0.27
-0.50
-0.48
0.47
2.89
-2.47
-0.16
-0.64
-0.09
-0.30
0.17
6.78
24.60
-28.83
-2.73
1.83
-1.10
0.57
2.46
-1.94
4.50
-3.69
-1.45
-0.50
0.64
4.85
-0.97
0.66
-4.94
-0.46
-0.05
-0.39
-0.40
1.24
-0.08
-1.20
1.39
-0.19
-5.53
1.03
0.95
1.17
0.08
1.60
0.08
-1.18
0.74
0.85
-1.55
0.61
-0.35
0.87
-2.18
0.10
0.90
-1.40
-0.02
1.27
-0.55
0.02
2.50
-1.27
0.67
0.54
0.38
-0.88
-2.92
1.75
0.65
1.01
-0.91
-0.06
0.64
-0.85
0.59
-2.67
4.69
-0.54
-0.61
-0.64
0.06
0.27
0.74
1.04
-1.37
0.80
6.87
-5.74
-1.24
-0.67
-0.62
0.49
-0.69
0.83
0.47
-0.59
-0.16
0.20
0.11
-0.16
0.45
-0.17
0.55
-0.11
3.83
-3.21
0.66
-0.92
-0.53
2.24
3.22
1.61
1.04
-7.16
-1.69
-0.38
-0.26
-2.92
-0.72
-12.74
9.71
6.84
-2.59
-6.04
5.19
-1.55
9.03
20.66
-18.94
-2.61
54.14
-21.48
-12.91
-21.26
1.57
-1.76
-0.44
1.63
6.96
-8.40
-2.05
9.80
-1.66
0.84
41.31
86.41
68.55
-75.72
60.33
-51.25
-115.62
40.29
7.76
-51.85
-10.89
-3.40
-2.12
0.49
-1.89
0.52
5.67
-6.90
3.37
-0.10
0.45
14.66
29.00
-35.37
-5.50
3.38
4.48
-1.37
-8.54
-0.01
-0.76
-0.91
-1.23
0.65
-1.21
2.67
5.58
7.60
24.90
-23.48
-13.83
1.84
15.35
-3.06
4.26
-9.65
-6.00
-3.89
2.43
-1.47
-0.99
8.54
6.28
-13.21
-2.33
10.96
-6.59
-0.10
-4.16
-1.28
0.43
0.15
6.31
4.84
8.58
0.44
-17.62
-2.07
-0.81
-3.38
-1.19
3.58
15.27
-13.02
-1.71
0.38
-0.22
-3.69
2.60
1.96
-0.16
-1.10
-1.29
-2.37
6.92
-4.59
7.84
-2.75
1.08
-4.61
-1.32
3.71
-1.81
-0.80
0.90
-0.96
-0.19
0.72
1.54
0.24
-1.26
-2.38
-0.75
0.17
0.84
1.47
-1.82
1.91
-0.55
-1.17
0.79
0.18
-1.61
-1.83
1.26
-3.98
4.30
-2.53
-4.68
18.70
-10.00
1.07
7.13
-12.66
-2.65
-2.33
5.16
2.30
0.03
-0.06
0.05
0.70
-0.94
4.03
-1.07
0.11
-0.19
-0.48
-0.17
-0.86
1.94
-1.03
0.95
-0.63
0.04
-1.07
-1.46
1.25
1.60
0.08
-1.20
-0.67
-3.83
3.13
0.35
2.63
1.24
-0.78
-2.45
0.32
0.69
2.61
-0.47
-0.42
-1.52
-0.97
-0.06
-0.48
2.71
-0.09
-0.44
-0.21
-0.77
-2.16
1.87
1.70
-0.06
5.18
-5.65
-2.27
-0.68
-1.82
2.21
0.47
0.00
-0.08
-1.89
0.05
0.91
-2.33
1.00
2.14
-0.45
-1.78
1.04
-0.54
1.53
1.02
-0.30
0.22
-2.02
-2.13
-0.06
3.52
0.51
-0.96
-2.83
0.10
-2.72
-2.49
2.67
3.02
0.35
-0.80
0.07
-4.28
3.49
1.56
2.65
0.55
-3.62
-1.76
-1.05
3.59
2.37
1.04
-0.16
-0.15
-0.19
-0.97
0.19
1.09
0.64
-0.07
0.45
-4.98
-1.64
0.60
-1.85
-2.64
-2.11
-0.72
2.49
-4.75
3.68
-0.94
2.64
3.03
-3.16
-1.48
5.49
-8.86
3.57
1.12
-0.81
-2.11
6.19
11.29
-17.58
8.18
1.48
-5.79
3.23
-3.02
-1.02
6.54
1.80
15.23
-12.75
6.38
5.09
-1.10
0.86
0.65
0.76
-1.78
-0.29
1.51
0.84
-6.07
0.28
1.24
-5.31
-5.81
16.28
-0.10
-0.89
2.15
0.89
-1.93
-0.17
2.80
-1.15
0.43
0.97
-0.96
-13.72
5.46
6.53
0.74
-2.63
2.65
16.93
-7.55
19.15
-28.89
2.30
-1.92
-3.92
2.20
0.31
4.55
-1.92
0.01
-11.13
7.53
-2.84
1.23
3.11
-4.93
5.26
-6.81
0.30
-8.87
1.65
-2.31
1.66
0.00
3.88
-4.39
0.42
-0.64
2.30
-4.17
-0.99
2.27
-3.78
-2.36
-2.87
-3.22
5.41
3.98
-2.96
1.66
0.63
