-1.68
0.81
1.33
-1.45
-0.40
0.17
-0.53
0.61
-0.19
-0.29
-0.01
0.02
-0.10
-0.51
-0.15
0.36
3.65
-1.59
-0.43
-1.83
4.64
1.24
8.97
-1.06
-12.65
0.89
1.54
-1.19
-1.99
-0.89
-0.98
0.10
-0.70
5.39
-2.04
-0.76
-2.31
2.66
-4.79
3.28
0.09
-0.91
0.75
0.79
0.90
-2.86
1.98
2.53
-0.74
0.93
-0.80
-1.15
-0.19
-0.33
0.65
0.39
0.24
-0.45
-1.14
-0.12
0.32
0.51
3.67
-4.06
3.42
-2.85
-0.02
-0.12
0.09
0.47
0.18
-0.19
-0.02
-1.30
-0.12
0.75
-0.10
0.39
-0.40
0.21
0.03
-0.20
1.02
0.36
1.11
-0.85
0.11
-0.76
0.24
0.21
-0.94
-0.17
-0.06
-0.36
1.05
0.05
-1.12
0.54
-0.51
0.50
-0.80
0.18
1.37
-0.51
0.89
-1.24
-0.22
-0.05
0.17
-1.02
1.22
-0.69
-0.13
0.16
0.42
0.09
0.33
-0.11
-0.12
0.05
0.41
-0.90
0.46
-0.50
0.52
-0.12
-0.16
0.05
0.18
0.43
-0.08
-0.28
-0.24
-1.55
0.32
0.87
0.26
-0.21
-0.32
0.65
0.52
1.52
-1.68
0.35
0.15
0.03
-0.64
-0.45
-0.13
0.78
0.13
0.59
0.17
-1.31
0.31
-0.50
0.22
-0.06
0.50
12.02
-2.99
1.99
7.43
-18.31
0.14
0.01
11.05
-0.11
-5.50
7.59
-12.65
-0.58
-0.44
0.31
1.09
-0.05
2.34
-1.23
-0.13
-0.79
-0.46
-0.48
0.70
0.06
-0.10
0.71
-0.14
0.72
-0.17
-1.13
0.36
0.01
-0.40
0.24
1.65
0.93
0.48
1.29
-6.13
2.06
0.43
-0.80
-1.75
1.87
-0.35
-0.57
0.13
0.13
0.08
-0.36
-0.26
0.46
-0.09
0.22
-0.29
-0.55
0.26
0.04
0.43
0.25
0.00
-0.50
-0.71
0.33
0.77
-0.88
0.57
-0.27
-0.36
-0.20
0.39
0.59
0.86
-0.86
-0.43
-0.11
0.22
0.19
0.54
0.02
-0.83
-0.02
0.12
0.73
-1.12
0.64
-0.49
-0.59
-0.65
0.14
8.23
-2.85
23.54
-23.59
-3.97
0.96
-1.40
8.52
-2.77
-0.92
0.00
-4.27
-0.11
-0.23
4.00
2.18
-0.25
-4.05
-2.57
-0.08
-1.26
0.31
-0.87
1.85
0.38
-0.10
0.30
-0.12
-0.64
-1.25
1.38
-0.31
0.08
0.51
-1.36
0.20
0.57
0.01
-0.40
0.91
0.00
0.36
-1.28
0.93
-0.11
0.42
-0.06
-0.58
1.05
-0.17
0.12
-0.47
0.06
0.01
-0.28
0.87
-0.02
0.16
-0.65
0.41
0.12
-0.38
-0.30
4.48
-0.28
-3.36
1.79
-1.73
-1.14
0.32
0.02
0.75
0.29
1.25
-0.72
-0.99
3.23
-1.47
-1.89
-0.55
0.49
0.07
-0.35
-0.20
0.03
0.04
0.07
0.36
-0.93
0.58
0.12
0.86
0.98
0.44
7.36
-9.06
1.53
-0.26
1.32
1.63
0.37
-1.00
2.39
-5.68
-0.99
-0.95
0.48
0.12
-2.25
-0.89
4.45
-2.39
0.73
-0.22
1.40
-4.57
43.20
-17.56
-14.18
4.80
66.32
-3.06
-40.12
-32.80
-0.59
-0.65
3.48
5.86
-9.42
1.66
-2.78
25.39
-8.76
15.41
-0.95
163.38
-56.40
8.49
-3.47
13.13
-118.70
48.83
1.72
-53.75
-28.91
-3.31
0.54
-0.67
1.95
-3.09
3.30
6.08
-10.66
5.53
-2.80
7.96
22.28
-26.82
-0.24
5.49
10.75
-5.71
-11.93
-1.15
5.67
-5.51
-3.35
3.53
1.66
13.19
5.61
-6.33
14.63
-24.54
-3.36
4.32
10.47
-5.31
9.99
-13.70
-5.91
-1.83
-0.07
-0.36
0.08
19.81
-17.99
-0.62
0.03
4.66
3.94
-10.33
0.67
-0.92
0.05
0.17
2.33
2.22
15.10
3.44
-23.07
0.78
-1.02
-0.61
-0.43
4.89
0.56
-3.64
-1.90
-0.05
1.19
-1.69
0.80
0.87
0.96
-0.86
-1.06
0.89
2.26
-0.09
0.51
-1.17
1.74
-3.71
0.51
-0.30
0.13
0.28
-0.15
-0.34
-0.59
13.47
-10.75
-0.87
-1.26
-0.84
-0.38
-0.38
-0.08
1.95
-0.73
0.14
-0.25
0.00
0.06
-1.01
-2.18
1.65
-0.89
-0.14
-0.22
-1.05
2.45
8.50
-5.37
4.71
-6.99
-3.53
-2.81
-7.41
11.33
-1.02
1.80
0.48
-0.78
0.85
0.12
3.11
-1.75
0.41
-0.20
-0.31
0.63
-0.04
2.03
-0.89
3.28
-3.39
-1.39
-0.15
-1.12
-0.40
1.14
1.67
-1.65
-2.14
-3.08
2.12
4.29
0.94
0.68
-1.28
-1.50
0.19
1.03
6.68
0.46
-3.95
-3.42
-1.16
0.28
1.20
8.25
-6.68
-1.58
-0.25
-0.40
-0.16
1.02
0.50
0.98
-0.93
0.21
-2.72
-0.48
0.55
0.25
12.88
-13.31
0.91
-1.18
0.29
0.12
-1.50
-0.99
1.17
1.30
-3.21
0.53
1.80
7.11
-2.62
-3.85
0.48
-1.10
-0.33
0.69
-0.58
-0.54
-0.82
-0.60
-2.20
-0.20
-1.87
3.21
0.96
0.64
-0.77
-1.04
-1.64
-0.01
5.17
2.22
-1.84
-2.25
-1.68
1.06
1.36
8.52
-5.02
0.87
1.36
-3.50
-2.43
1.35
-0.33
0.26
3.32
-4.22
-5.26
-1.09
3.16
-0.52
-2.44
0.28
-0.68
-2.93
-0.43
1.09
3.59
-1.19
-0.41
-1.20
-4.09
4.17
-0.61
4.79
2.25
-3.43
-0.75
9.61
-5.73
-1.80
0.40
2.13
-6.33
1.82
-4.34
1.09
15.18
-1.16
7.20
-0.46
0.74
1.85
1.23
-2.37
2.89
1.70
-0.52
-0.33
-3.21
0.70
-0.70
-1.86
-1.96
5.07
-1.32
3.16
-0.10
0.74
0.97
1.35
-0.84
-1.24
1.31
-1.70
1.26
-0.29
0.20
-0.44
-1.98
7.30
-4.70
-6.60
23.77
-3.81
-13.67
1.78
-1.70
-0.12
0.68
-2.52
1.54
-1.19
6.73
-4.35
-1.03
-1.89
-1.26
-2.09
7.15
-6.14
-0.50
-1.12
0.43
-8.27
3.59
-1.78
-2.99
0.33
-1.18
0.14
-0.49
-0.20
0.43
0.09
-1.04
-0.03
0.17
0.03
-6.15
-3.88
-0.22
1.89
3.78
2.14
4.28
-0.25
