-1.77
3.70
-1.70
-1.79
-0.36
0.72
-0.65
0.41
-0.28
-0.16
-0.20
-0.22
0.26
-0.45
-0.66
0.71
9.82
-7.12
-0.40
-2.00
9.41
3.20
-1.84
13.49
-24.32
1.87
-0.66
0.78
-2.21
-1.43
-0.97
-0.58
3.88
2.31
-0.19
-1.93
-5.35
2.48
-4.75
4.39
-4.14
3.16
1.50
0.67
1.46
-2.94
0.56
2.16
1.01
-1.69
2.30
-1.76
0.06
-1.10
1.33
0.48
0.62
-0.84
-1.74
0.16
0.00
1.34
4.12
-6.49
3.42
-1.64
0.25
0.28
1.53
-0.45
-0.85
1.34
-1.23
-1.93
-0.58
0.12
0.29
-0.23
-7.19
8.80
-1.01
-3.09
0.61
5.18
1.00
-0.31
-0.02
-0.39
-0.86
0.26
-0.67
-1.46
-0.61
1.42
1.40
-0.47
-1.11
-1.35
4.12
-3.35
0.18
2.26
3.06
-5.02
4.68
-6.32
-2.49
3.44
1.37
-4.55
3.75
-1.79
0.61
1.28
-0.77
1.56
0.49
-0.72
-0.77
1.90
1.69
-1.90
-0.92
-0.92
1.77
0.45
-1.43
0.90
0.79
-0.22
-0.68
-0.30
-0.45
-9.54
4.11
4.69
0.69
-3.86
-2.19
4.37
1.69
2.66
-2.95
3.07
-1.43
0.26
-3.95
0.59
-1.25
3.54
1.02
-0.28
1.31
-2.28
-0.02
-0.80
0.63
-0.13
1.47
13.64
-2.53
1.96
11.94
-25.45
0.22
0.00
11.88
2.03
-3.25
3.65
-13.48
-1.13
-0.84
0.27
2.08
0.38
5.59
0.88
-2.43
-3.62
0.52
-0.17
0.53
2.42
0.06
-1.32
0.39
-0.94
-0.49
-0.95
0.01
-1.04
-0.57
1.08
6.73
1.49
-0.03
3.44
-17.37
6.27
1.55
-1.73
-3.90
2.78
-0.96
0.69
0.52
1.05
-0.79
-1.43
0.28
-0.31
-0.14
0.62
0.01
-0.51
0.34
2.20
-0.74
2.32
-3.07
-0.37
-0.63
1.69
-0.95
-0.51
0.95
-1.16
0.01
0.10
0.38
3.29
-1.56
0.25
-2.31
-0.07
0.64
0.88
2.10
2.49
-5.25
4.03
6.03
3.30
-8.79
-4.98
-0.36
-1.30
-0.53
-0.24
6.78
42.61
-26.60
-5.73
-12.81
-0.08
-2.15
19.38
3.92
-4.77
-2.55
-15.84
1.20
-1.00
23.68
0.02
-1.03
-21.78
-4.21
0.01
-0.60
0.45
-0.87
2.66
-1.69
1.85
0.11
2.80
-4.42
-2.19
2.59
-1.11
0.65
0.91
-0.93
-0.05
0.45
1.08
-1.20
0.83
0.44
-0.71
-1.23
1.93
-0.51
0.50
0.54
0.54
-1.89
1.20
2.66
-3.51
-0.19
0.94
0.16
0.71
1.09
0.16
-1.93
0.59
-0.79
0.12
-0.82
8.78
4.18
-6.85
-4.04
0.19
-1.98
0.55
-0.45
1.72
-0.11
-0.19
-0.27
-0.31
2.05
-1.49
-1.45
-0.89
1.30
0.25
-0.68
-0.09
0.37
0.37
-0.15
0.29
-0.65
-0.48
0.75
1.31
1.09
-0.05
2.90
-6.29
2.93
-0.53
1.16
6.06
4.14
-4.20
-0.51
-6.46
-2.23
-0.02
-0.23
0.66
-3.14
-1.12
7.96
-6.62
-0.14
0.14
1.96
-9.23
40.19
1.43
-19.78
1.44
67.66
-43.57
27.36
-58.38
-2.18
-2.91
7.25
7.63
-12.90
2.14
-4.78
25.45
-8.20
22.74
7.69
291.00
-289.75
122.06
-27.89
43.01
-158.72
52.61
8.01
-54.02
-25.74
-5.14
-0.12
-1.11
2.89
-4.78
11.43
6.11
-18.94
4.35
5.75
10.26
9.20
-19.70
-1.73
15.78
7.62
-2.44
-21.21
-1.60
11.80
-12.75
-1.91
1.20
2.28
27.55
9.05
-16.28
23.11
-41.70
-1.68
7.01
9.09
27.27
-10.24
-22.81
-7.83
0.82
-0.51
-3.76
2.33
55.13
-54.20
-1.14
1.59
9.44
10.66
-22.42
-1.43
-1.38
-1.19
0.80
5.85
2.94
22.23
5.10
-36.87
1.52
0.31
-1.70
1.81
4.36
0.96
-6.54
-1.77
0.37
0.70
-2.03
1.27
1.24
0.93
-0.96
-4.36
3.25
6.90
0.23
0.82
-4.19
16.75
-18.68
-1.52
1.47
0.41
-0.28
0.18
-1.68
0.00
7.04
-4.10
-0.56
-1.86
-1.98
0.18
-3.31
2.34
0.58
-0.23
-0.28
-0.21
1.08
1.23
3.24
-11.45
5.89
0.61
-3.97
2.02
-3.82
6.52
12.53
-5.72
-0.92
-5.15
-4.57
-3.26
-10.18
13.58
-2.21
6.55
-2.09
-1.16
1.04
8.38
-3.09
0.03
-3.61
0.23
-0.04
0.97
0.44
4.67
-3.24
15.51
-12.81
-4.16
2.66
6.51
-3.98
-1.34
-1.78
-4.29
-2.56
-3.20
-1.10
6.03
4.37
2.01
-1.87
-3.52
-0.32
4.01
19.09
-8.00
-7.96
-4.97
-0.18
-2.02
5.69
29.61
-23.23
-2.32
-6.44
-1.87
-0.27
10.45
-4.35
0.56
-3.85
0.42
-5.40
-0.02
-0.65
3.45
17.68
-16.66
-1.76
-2.08
0.98
1.00
-5.32
2.34
-0.38
1.51
-3.35
-1.09
9.03
6.51
-6.85
-2.08
-0.09
-1.69
0.02
11.63
-9.97
1.52
-4.94
-0.84
-1.02
-3.60
2.97
1.46
0.32
0.60
0.45
-4.39
-1.92
2.06
5.20
10.61
-9.59
-2.51
-2.73
2.08
2.05
36.69
-26.76
-3.15
2.83
-2.30
-2.66
-2.89
0.76
-0.22
4.09
-7.06
-5.28
-0.20
-1.52
2.68
-2.03
-9.39
4.53
1.38
-5.63
8.10
1.78
0.13
-7.93
3.12
-9.66
9.73
0.01
2.65
4.38
-4.34
-4.85
23.66
-16.89
-2.31
0.09
2.42
-5.06
6.05
-8.90
-9.09
28.77
-3.50
8.17
-4.14
4.87
-2.61
6.52
0.04
-2.85
1.45
2.39
-1.53
-5.04
0.90
-0.50
0.22
1.43
-0.52
0.52
2.73
2.35
1.26
0.20
-1.06
0.70
-2.57
2.27
0.37
-0.17
0.52
-0.63
-0.73
-1.69
6.63
-5.32
-0.47
23.40
-2.84
-16.16
8.58
-11.64
-0.89
1.36
-0.45
0.80
-0.42
5.19
-5.42
-0.16
-2.99
-1.57
-1.51
9.63
-9.14
-0.43
-1.82
2.50
-7.65
3.55
-2.22
-3.96
1.68
-2.08
-0.29
0.04
-0.45
0.39
3.38
-4.43
-2.19
2.91
-1.66
-7.83
-2.65
-4.21
5.60
3.47
2.93
2.69
-2.17
