-0.54
-0.26
0.75
-1.28
-0.57
-0.35
-0.36
0.96
0.10
-0.28
-0.08
-0.32
0.30
-0.51
-0.32
0.50
2.34
0.03
-1.95
-0.08
2.73
1.69
-0.37
2.21
-6.42
0.99
1.58
-1.35
-1.75
-1.17
-1.79
0.66
-0.22
4.68
-3.22
-1.58
0.39
-0.65
-0.61
2.76
-3.69
2.06
0.89
0.51
1.39
-1.30
1.13
-0.07
2.24
-0.58
0.20
-1.33
-0.55
-0.10
0.67
0.33
0.09
-0.67
-0.11
-1.94
1.30
0.04
3.14
-3.63
3.36
-1.13
-1.25
0.15
1.06
0.63
-0.19
0.25
0.51
-3.01
-0.04
-0.42
0.98
0.55
0.06
0.33
-0.17
-0.85
2.07
-0.16
1.29
-1.10
0.12
-0.85
-0.29
-0.04
0.34
-1.94
0.13
0.50
2.45
-1.72
-0.98
-0.79
6.39
-6.34
0.49
1.36
0.99
-0.69
1.60
-5.57
-6.36
2.64
6.83
-2.43
13.35
-11.08
-1.51
2.08
-0.50
11.38
-9.54
-0.81
-1.36
1.35
-0.62
1.08
-1.15
-0.79
1.51
-1.63
-0.81
-2.29
4.77
1.31
-0.95
-0.35
-1.38
-10.15
1.05
1.30
7.43
-2.90
-15.33
7.33
8.08
5.48
-2.05
2.98
-1.50
0.32
-16.12
2.27
-2.54
11.92
-1.06
5.86
0.42
-3.41
-0.78
-2.57
2.94
1.43
0.49
9.08
-0.50
-2.57
16.07
-18.35
-2.31
0.03
11.18
1.36
1.19
-0.46
-11.55
-2.75
-1.15
-0.99
6.30
2.83
5.31
4.06
-2.77
-7.13
-0.61
1.72
3.15
7.41
8.89
-10.35
5.64
-10.67
-5.38
-2.49
-0.36
-0.10
-1.71
1.27
14.48
-7.10
5.56
4.43
-10.10
3.31
-4.01
-2.41
-2.87
9.43
-12.59
1.39
2.43
-1.41
0.96
-6.04
3.42
-1.11
-1.59
1.90
0.35
-0.33
-0.25
1.56
0.62
8.36
-3.87
-5.41
0.41
-1.39
0.20
0.33
1.01
0.10
-1.68
-0.96
2.99
7.72
-7.52
1.41
-2.19
-1.49
1.45
1.62
5.15
0.77
-8.45
1.95
8.45
6.84
-11.78
-2.77
-6.83
-0.47
-2.51
-11.26
12.83
0.00
15.84
-7.98
-6.63
14.86
-3.21
10.93
3.81
-6.15
0.81
-1.58
-13.70
-2.86
22.14
1.10
-0.80
-2.50
-23.01
-0.71
-2.77
0.60
-0.63
9.96
-6.82
-17.65
18.68
5.01
-3.78
-4.14
3.18
-2.00
1.12
1.53
-1.04
-0.96
1.06
1.45
-1.67
1.04
0.39
0.45
-0.83
1.27
0.36
-0.49
0.76
-0.36
-0.09
-0.46
2.10
-1.86
-0.11
0.53
-0.25
0.53
-0.18
0.62
-0.88
1.07
-1.31
-0.39
-0.34
2.43
1.62
-1.16
-0.99
0.20
-1.80
-0.15
0.22
0.52
1.35
-0.13
-0.92
-0.01
0.92
-0.49
-0.78
-0.10
-0.11
0.07
-0.53
0.16
0.11
0.23
-0.40
0.03
0.10
-2.25
0.31
2.06
1.04
-0.17
7.02
-7.50
0.71
-0.32
-2.77
7.72
-1.41
-0.21
5.08
-8.32
-1.94
-0.18
0.22
0.33
-2.05
-0.50
2.35
-0.41
-1.34
1.13
0.98
-6.05
20.14
-4.22
0.48
-0.70
67.84
-19.88
-44.26
-10.25
-1.13
-0.68
4.56
0.58
0.27
-5.71
-0.54
13.81
-9.26
13.88
18.14
174.35
-78.63
36.51
-38.93
15.71
-99.65
114.43
-62.65
-75.68
-17.78
-2.81
-0.05
0.29
-0.37
1.59
3.39
-2.43
-3.82
2.57
-1.01
10.63
21.32
-28.73
0.16
0.54
1.01
3.56
-6.87
-1.39
5.12
-3.14
-3.27
-0.26
2.92
7.40
4.62
-9.93
9.12
-13.99
2.25
2.25
15.52
-13.98
4.41
-4.01
-4.01
-0.95
0.34
-0.92
1.38
22.27
-21.30
-1.03
-0.12
25.18
-10.61
-14.54
0.09
-1.23
-0.35
-0.44
2.74
4.76
9.15
9.84
-22.34
-1.69
-1.26
-1.01
8.18
-5.74
7.29
-8.13
-2.76
0.00
2.21
-2.60
1.38
0.96
1.06
-0.80
-2.46
1.55
5.37
-2.18
-0.58
-1.00
1.83
-3.75
0.31
0.20
1.08
-0.49
-0.06
-0.90
-0.35
12.38
-8.98
0.35
-2.75
-0.75
-2.07
-1.81
3.82
5.12
-4.41
-8.12
-6.42
11.85
1.51
-4.52
-24.80
19.35
4.21
-0.45
1.53
-2.26
4.79
11.81
-14.00
-7.63
22.25
-16.41
-1.14
-22.78
14.30
1.25
12.72
-2.46
0.76
0.09
20.94
-17.21
-0.36
-0.95
2.57
-3.27
6.08
-3.54
2.74
9.38
7.33
-8.45
-4.93
8.04
-1.18
0.00
7.01
-11.26
-10.01
-3.96
-3.93
-4.99
4.62
14.17
8.36
-4.48
-7.28
-2.44
6.75
31.21
-2.33
-18.86
-9.48
0.99
-7.29
29.04
45.50
-33.93
-10.22
-20.04
-5.68
7.82
27.17
-11.32
-8.77
-5.05
0.40
-13.55
-2.48
3.94
5.60
62.56
-61.30
-5.16
-3.45
7.15
-5.65
-3.29
12.45
-10.82
3.77
-8.36
-4.81
23.79
8.17
-6.99
-18.99
0.38
5.93
7.07
24.10
-32.71
2.92
-8.75
0.01
-8.11
2.65
2.41
4.34
1.69
-4.17
0.53
-8.38
-1.76
1.29
18.49
22.02
-27.65
-8.59
-4.54
12.53
6.85
39.01
-17.34
-9.38
9.43
4.55
-25.45
-6.92
0.87
-10.03
28.47
-20.97
-9.71
0.84
-1.87
6.23
-3.74
-2.87
-1.22
2.43
1.57
-0.77
4.65
-5.50
-0.70
-0.40
-8.35
0.57
1.59
8.58
6.83
-6.26
-4.51
16.40
-5.75
-8.88
3.75
3.34
-7.92
5.80
-9.70
-0.62
23.54
0.07
7.63
-3.58
2.51
-0.68
3.03
1.55
-4.21
2.75
-0.39
3.55
-4.40
-1.04
-1.05
-3.37
0.25
2.58
0.20
3.45
-0.25
0.34
1.01
1.09
-1.47
0.94
0.13
-1.81
-0.18
-3.69
4.75
-13.89
12.24
3.40
-0.75
0.75
21.83
-8.86
-13.18
-0.36
-1.49
-0.35
3.60
-2.87
1.98
-3.92
6.78
-3.37
-2.35
-10.31
8.07
-4.49
8.41
-6.17
-1.88
-0.01
3.54
-3.66
-5.27
-0.90
-5.45
4.44
-1.13
-0.44
-1.09
0.09
1.09
3.00
-4.92
-0.16
-0.17
3.84
-6.21
-3.67
-3.13
2.83
1.82
1.67
1.10
1.67
