-0.68
-0.70
2.21
-0.88
-0.76
-0.32
-0.60
0.94
0.76
-0.87
0.08
-0.54
0.39
-0.67
-0.58
0.66
2.65
0.67
-1.66
-1.03
4.00
0.83
1.67
16.35
-23.87
1.82
1.99
-0.93
-2.36
-0.64
-3.01
-0.33
1.26
3.54
-1.20
-2.29
1.57
-2.38
-1.80
4.67
-5.31
2.62
1.75
0.60
1.14
-2.19
1.45
1.59
1.70
-2.14
1.79
-1.54
-0.98
0.22
0.23
0.78
-0.22
-0.39
-0.34
-0.93
0.30
0.38
3.30
-7.03
5.97
-0.54
-1.63
0.35
1.03
0.61
-0.70
0.38
0.87
-3.12
-0.10
0.85
-0.16
0.29
0.32
0.17
0.00
-0.38
-0.14
0.85
1.91
-1.36
0.66
-1.07
-0.02
-0.09
-0.58
-1.73
-0.15
-0.68
2.83
-0.88
-1.05
-0.24
1.79
-5.34
4.24
0.99
0.70
-0.12
1.87
-3.00
-2.62
-1.07
4.18
-2.28
11.48
-9.74
-0.49
1.90
-1.40
10.05
-8.54
-0.81
-0.65
0.95
-0.84
-0.11
0.22
-0.66
1.17
-1.32
0.76
-2.88
3.18
2.17
-0.88
-1.28
-1.37
-4.36
1.00
0.26
4.43
-1.65
-0.80
-0.48
2.54
5.20
-0.27
-1.09
-2.35
0.13
-3.31
-1.65
-8.33
7.50
5.29
1.95
0.16
-3.68
0.36
-1.86
1.77
1.13
0.76
11.23
-0.28
4.56
7.14
-19.91
-2.53
-0.29
12.49
-0.86
2.35
-0.20
-2.39
-11.04
-0.51
-1.58
2.07
6.94
5.10
0.60
-3.03
-1.45
-1.92
-3.36
1.63
3.28
6.36
-7.61
5.12
-5.51
-4.69
-1.15
1.90
0.02
-1.63
0.64
7.58
1.26
3.29
0.00
-12.48
1.99
1.82
-1.09
-5.90
6.86
-4.60
0.38
0.17
0.29
0.44
-0.96
0.17
-2.22
-0.19
1.96
-0.37
2.18
-1.32
-0.20
0.22
4.05
-3.26
-0.84
-1.26
1.99
-1.10
-0.68
1.44
0.59
-1.50
-0.88
1.13
4.87
-2.57
-0.24
-1.59
-0.98
0.54
1.87
5.67
-4.25
-2.38
-3.44
7.24
2.41
-5.68
-0.22
-2.74
-1.13
-0.86
-4.09
12.87
19.93
-7.50
-9.15
-9.36
11.13
-5.54
10.29
5.99
-9.00
3.92
2.62
-18.25
-1.50
21.72
1.20
-0.29
-0.43
-25.16
0.83
-1.36
0.46
0.15
6.11
-4.36
-3.05
2.39
4.24
-0.49
-5.93
2.84
-2.32
0.79
1.58
-0.90
-1.16
0.90
1.05
-1.16
0.87
0.07
0.36
-0.32
1.18
0.75
-0.75
0.77
-0.39
-0.70
0.16
1.97
-1.80
-0.36
0.32
0.31
0.16
0.05
-0.09
0.80
3.86
-4.68
-0.36
-0.45
3.11
0.39
-1.88
-0.42
-0.17
-1.11
0.22
-0.14
0.90
27.72
-26.40
-0.65
-0.53
1.04
-0.07
-2.17
0.11
0.31
0.30
-0.40
-0.03
-0.01
-0.31
-0.01
0.54
0.60
-2.30
0.23
1.36
1.45
-0.30
7.11
-8.33
1.51
-1.03
-2.65
8.37
-2.36
1.48
4.73
-8.47
-1.87
-1.88
0.41
-0.07
-2.41
0.82
2.93
0.33
-2.42
0.25
2.35
-6.90
23.94
4.31
-5.25
-6.52
57.21
-36.02
14.23
-40.87
-1.34
-0.89
5.06
-1.25
4.36
-8.96
-0.53
22.01
-13.93
20.21
10.77
96.83
-12.13
2.08
44.99
23.25
-156.93
16.14
17.39
-34.48
-29.32
-3.33
-1.10
1.16
-2.11
4.14
0.66
-0.40
-6.54
3.56
0.01
6.63
26.46
-29.05
-2.98
3.04
0.71
3.56
-12.47
1.26
4.11
-0.55
-2.78
1.21
1.13
9.68
-0.98
-0.70
12.35
-19.00
-2.84
3.26
15.23
-5.67
-1.12
1.05
-10.33
-2.59
1.22
-2.34
1.93
19.07
-19.49
0.30
-0.38
24.71
-11.14
-13.39
0.35
-1.05
-0.17
-0.66
3.22
4.52
9.95
12.54
-25.54
-2.33
-1.45
-0.46
9.53
-5.23
5.98
-8.69
-3.51
0.23
1.71
-2.70
1.66
1.05
1.87
-1.69
-2.82
0.81
6.78
-0.15
-2.90
-0.02
1.20
-4.31
0.93
0.23
1.33
-0.72
-0.25
-0.50
-0.92
13.05
-9.83
0.26
-2.32
-1.37
-1.98
0.04
2.52
6.37
-6.80
-1.57
-6.27
5.88
2.05
0.19
-12.21
5.52
0.89
-1.25
2.01
-1.25
3.19
12.83
-8.58
-8.12
16.35
-14.81
-2.75
-9.12
11.38
-6.82
11.41
-4.93
2.51
1.54
1.16
2.00
1.19
-3.78
16.05
-14.18
0.46
-0.60
10.31
4.70
1.02
9.55
-23.11
-2.51
9.72
-11.48
14.03
-5.88
-6.19
-3.77
-3.22
-0.80
17.08
2.02
0.38
0.00
-10.97
1.16
1.60
20.94
5.90
-19.82
-7.89
-0.31
-0.75
9.27
31.27
-25.84
-5.61
-5.78
-4.93
1.26
22.06
-7.40
-10.19
13.07
-14.69
-4.31
-2.37
1.46
4.57
29.68
-29.19
-3.50
-2.04
2.27
1.86
-5.52
3.44
-1.47
-0.53
2.37
-6.33
9.00
4.96
-0.94
-9.29
2.25
-1.05
0.01
9.32
-8.46
2.97
-4.84
-2.17
-2.78
-2.75
1.55
3.89
1.21
-2.86
2.47
-6.46
-0.66
2.52
7.46
3.82
-2.11
-8.22
-3.58
7.16
1.17
29.27
-16.99
1.80
-3.57
23.27
-13.21
-18.26
2.16
-4.47
10.43
-8.85
-9.24
1.21
-0.89
4.05
-5.69
-0.58
-0.41
-1.39
-0.04
3.91
-0.37
1.43
-3.64
16.95
-25.48
6.24
4.77
-3.25
7.25
-4.37
-3.01
17.65
0.30
-17.77
5.05
-0.26
-8.20
14.21
-15.26
-3.49
23.26
-1.78
12.04
-3.51
1.78
-0.31
3.34
-2.16
-1.93
4.44
-0.46
-0.37
-3.16
1.48
-2.00
-1.67
-1.47
0.19
0.36
6.16
-0.87
1.48
1.28
0.77
-0.98
-0.31
0.79
-0.53
-0.45
1.13
-1.02
-14.27
10.17
6.67
-1.58
-1.58
16.73
-4.62
-9.58
3.60
-5.38
-0.37
3.68
-2.12
0.31
-0.22
3.26
-3.12
-1.84
-10.45
5.62
0.15
3.33
-3.17
-1.00
-1.94
2.01
-2.50
-4.37
3.23
-9.24
4.81
-1.42
-0.23
-0.29
-1.33
1.44
0.41
-2.03
-0.76
0.68
10.75
-15.72
-4.86
0.80
1.19
1.29
1.73
3.96
-2.76
