-1.49
0.43
1.19
-1.10
-0.56
-0.47
-0.25
0.91
0.69
-0.83
-0.09
-0.52
0.56
-0.67
-0.93
0.94
3.15
0.43
-2.21
-0.58
6.79
-2.02
0.04
16.20
-21.85
1.18
4.97
-3.67
-2.45
-0.43
-2.97
-0.31
1.19
4.55
-0.06
-4.27
0.79
-2.26
-1.45
4.37
-5.25
2.92
1.76
0.78
0.93
-2.15
1.84
-1.78
6.03
-1.81
1.22
-1.82
-1.55
-0.22
0.32
0.71
0.26
-0.64
-0.45
-1.27
0.21
0.38
3.63
-8.02
7.60
-1.36
-0.68
-0.59
1.30
0.54
-0.48
0.51
0.98
-3.05
-0.67
-0.18
0.13
0.08
0.91
0.00
0.00
0.00
-0.11
0.90
2.35
-1.21
0.16
-1.06
0.10
0.94
-1.85
-1.85
-0.26
-0.64
2.88
-0.68
-1.39
0.09
1.77
-3.75
2.95
1.01
0.36
-0.68
2.23
-2.04
-1.89
-0.97
2.66
-2.05
11.18
-9.00
-1.42
1.76
-1.06
9.93
-8.01
-0.50
-1.28
1.20
-0.56
-0.47
0.06
-0.62
0.89
-0.88
-0.32
-0.91
2.26
2.14
-1.31
-0.85
-0.54
-4.12
1.23
1.01
2.11
-0.55
-0.28
0.56
0.16
4.63
1.69
-3.12
-1.86
0.01
-2.22
-1.80
-5.11
5.98
3.41
0.54
1.42
-3.50
-0.35
-1.21
1.74
0.61
0.23
12.31
-0.27
5.30
8.51
-22.41
-2.65
-0.83
12.03
1.32
0.60
1.06
-2.37
-11.75
-0.52
-1.20
2.00
3.19
5.50
1.55
-2.45
-1.37
-1.86
-1.47
0.83
2.45
2.00
-4.62
2.43
-0.75
-3.44
-2.70
2.82
-0.73
-0.81
0.47
8.39
0.45
-0.44
3.65
-15.40
4.63
1.06
-1.71
-5.39
4.96
-0.95
-0.26
-0.58
0.34
1.08
-1.83
0.74
-1.08
-1.24
2.28
-0.43
1.72
-0.26
-0.18
0.29
1.03
-1.99
-0.80
-1.10
2.79
-0.90
-0.87
1.38
0.62
-1.84
-0.76
1.54
3.20
-1.31
0.11
-2.19
-0.77
0.82
1.55
5.58
-3.05
-2.64
-2.94
4.33
1.74
-1.34
-2.28
-2.40
-1.75
-0.19
-3.51
13.59
9.35
3.12
-10.64
-7.48
9.81
-5.95
10.06
6.49
-10.03
3.68
-0.59
-14.54
-1.15
21.56
0.68
-1.65
2.36
-23.75
-1.20
-1.82
0.75
0.39
5.35
-3.56
-3.05
3.39
2.11
-0.19
-4.67
1.47
-1.44
0.87
0.97
-0.71
-0.63
0.88
0.69
-1.12
1.09
-0.30
0.56
-1.45
1.68
1.26
-0.94
0.83
0.01
-0.56
-0.33
2.16
-1.82
-0.46
0.76
0.15
-0.15
0.21
0.23
-0.08
-0.31
-0.10
-0.30
-0.35
5.00
-0.94
-2.13
-0.78
0.32
-1.87
0.43
-0.06
0.76
27.76
-26.53
-0.46
-0.15
0.80
0.90
-3.33
0.10
0.25
0.25
-0.18
-0.04
0.23
-0.44
0.08
0.74
0.25
-2.20
0.32
1.02
2.00
-0.89
7.34
-8.29
0.77
0.98
-4.08
8.94
-2.80
3.18
3.41
-9.26
-1.61
-1.53
-0.44
-0.18
-1.05
-4.56
7.69
-0.29
-2.14
-0.70
2.95
-6.39
24.83
16.69
-18.21
-9.03
48.49
-26.08
9.61
-34.71
-2.04
-0.11
4.88
-1.50
5.38
-10.36
0.53
13.37
-3.15
19.54
2.97
92.46
-16.83
55.31
23.93
-28.90
-126.00
16.24
-0.87
-24.46
-15.13
-4.48
-1.58
1.71
-1.59
3.54
-1.32
-1.37
-3.55
4.05
0.53
3.19
21.86
-21.48
-4.43
2.79
3.84
8.88
-19.61
-0.30
5.08
-1.49
-3.32
1.60
2.89
10.92
-2.98
0.24
10.55
-10.08
-10.36
1.58
16.09
-3.54
-0.86
-0.21
-10.72
-3.31
1.15
-1.93
0.89
19.12
-18.19
0.60
-0.93
17.64
-3.34
-13.60
-0.60
-1.65
0.17
-0.61
3.06
6.01
13.98
7.05
-25.19
-2.70
-1.35
-0.49
12.42
-4.67
4.36
-10.85
-3.66
0.57
1.03
-2.01
2.29
0.62
1.66
-1.71
-2.59
6.85
0.83
0.63
-2.90
-0.03
0.12
-4.08
0.70
0.47
0.46
-0.14
-0.43
-0.47
-0.58
12.92
-10.03
0.78
-2.79
-1.28
-2.24
-0.11
2.42
6.61
-6.36
-0.32
-4.07
2.29
1.66
-0.49
-9.39
3.58
1.86
-1.55
2.27
-1.20
3.02
11.89
-7.03
-5.66
13.93
-16.43
-2.25
-5.83
9.91
-6.00
9.55
-4.50
1.77
1.67
1.17
2.53
2.11
-4.63
17.87
-17.35
0.31
1.31
5.94
3.97
5.06
3.90
-18.73
-3.06
0.12
-1.88
4.80
2.20
-4.91
-2.06
-4.22
-3.92
17.48
-0.82
4.05
-0.67
-8.63
1.01
1.88
9.34
10.67
-15.64
-4.80
-1.89
-1.22
4.38
30.21
-21.20
-8.00
-2.44
-2.84
1.14
8.92
1.44
-6.76
13.71
-14.14
-4.75
-2.68
2.38
2.18
15.77
-15.47
-2.83
-1.56
1.61
1.80
-4.34
1.82
0.55
-0.61
8.74
-12.64
6.94
4.28
-3.11
-3.89
1.54
-0.66
-0.93
8.46
-7.43
4.38
-5.99
-0.56
-2.70
-4.59
4.09
2.46
0.62
0.19
-0.54
-4.21
-1.97
1.94
7.37
2.53
-0.41
-6.49
-3.92
2.10
4.07
22.56
-13.52
1.97
-3.50
18.49
-16.66
-7.00
1.18
-3.46
-0.65
1.89
-8.20
1.46
-3.08
2.83
-1.72
-0.20
-2.47
-1.60
-3.32
8.94
-1.60
0.69
-0.67
0.87
-8.35
4.98
0.41
-1.42
5.74
-1.30
-1.09
14.10
3.18
-16.94
1.78
-0.23
-5.94
5.41
-8.13
-3.06
21.47
-0.97
12.06
-2.50
1.77
-1.47
3.07
0.85
-3.16
4.21
-0.77
-2.95
-3.21
3.77
-2.02
-3.11
1.19
1.42
2.14
0.22
-0.66
3.81
0.88
0.35
-0.37
0.39
0.90
-3.09
1.45
-0.27
-0.50
-13.84
8.62
8.63
-2.94
-0.37
16.68
-2.14
-10.10
0.36
-4.45
-0.65
3.41
-0.76
-1.40
-0.13
3.83
-4.53
0.07
-8.22
1.58
0.50
4.04
-2.45
-0.86
-1.73
0.96
-3.63
-5.62
4.01
-9.72
7.06
-2.36
0.27
0.62
-1.45
1.28
1.83
-6.32
0.01
1.57
12.48
-16.74
-5.83
1.27
1.61
1.46
-0.29
3.31
-1.63
