-0.48
0.05
0.59
-1.23
-0.64
-0.40
-0.39
0.99
0.31
-0.52
-0.04
-0.23
0.19
-0.51
-0.31
0.52
2.25
0.06
-1.63
-0.37
3.65
1.16
-1.31
2.95
-6.22
0.68
0.99
-0.70
-1.46
-1.26
-1.64
0.44
-0.21
4.88
-3.28
-1.31
0.70
-1.04
-1.28
3.25
-3.67
1.69
1.07
0.41
1.46
-1.54
1.20
0.03
2.26
-0.76
0.29
-0.97
-0.77
-0.11
0.50
0.73
0.05
-0.90
0.19
-1.60
0.86
-0.11
3.23
-3.63
2.94
0.01
-2.11
-0.19
1.12
0.52
0.05
-0.40
0.78
-2.93
0.02
-0.60
1.44
0.44
-0.02
0.21
0.21
-0.89
1.09
0.12
2.03
-1.33
0.24
-0.88
-0.27
-0.08
-0.19
-1.46
0.37
-0.61
2.23
-1.05
-0.53
-0.78
4.73
-7.18
2.06
2.13
0.70
-0.32
2.03
-4.78
-6.19
2.22
6.22
-1.58
11.15
-9.85
-1.56
2.35
-0.70
10.27
-8.91
-0.21
-1.17
0.73
0.11
-0.24
-0.28
-0.82
1.18
-0.44
-1.40
-3.11
5.30
1.99
-1.81
-0.49
-0.87
-9.40
2.10
0.76
5.59
-2.55
-8.40
2.16
7.32
6.08
-3.87
3.52
-2.06
0.40
-14.63
1.77
-5.26
9.37
2.28
5.22
3.18
-4.47
-1.29
-2.28
3.03
2.60
0.48
8.44
1.17
-1.78
14.08
-19.96
-1.40
-0.15
11.81
-0.37
2.33
-0.67
-12.03
-1.45
-2.08
-0.48
4.99
4.57
6.18
2.23
-3.25
-5.42
-1.09
1.18
1.43
9.78
7.33
-9.05
1.44
-8.74
-3.57
-3.02
0.37
-0.20
-1.47
1.22
14.99
-7.49
8.12
1.54
-11.39
1.73
-0.94
-2.88
-5.99
13.30
-12.81
1.59
0.66
0.05
-0.23
-4.67
3.15
-1.88
-2.87
4.51
-0.15
1.75
-2.08
0.52
0.73
7.48
-3.45
-4.13
-0.78
-0.20
-0.23
0.42
1.10
0.13
-1.68
-0.73
2.39
7.78
-6.80
0.67
-2.45
-0.81
0.74
3.21
4.94
1.27
-10.51
0.95
10.07
5.81
-13.89
0.05
-6.31
0.00
-2.49
-12.23
13.80
0.18
17.72
-9.41
-7.94
15.17
-1.98
9.20
4.04
-6.61
1.98
-2.26
-13.50
-2.89
21.90
0.60
-0.75
-2.67
-23.11
0.64
-3.11
0.16
-0.28
11.27
-8.46
-16.21
17.64
3.64
-1.72
-4.81
2.91
-1.75
1.10
1.48
-1.00
-0.72
0.83
1.11
-1.40
1.34
0.27
0.34
-0.99
1.40
0.33
-0.55
1.03
-0.47
-0.57
0.04
2.08
-1.87
-0.24
0.73
-0.27
-0.02
0.17
0.25
-0.43
0.32
-0.38
-0.43
-0.45
2.45
1.33
-1.52
-1.05
0.40
-1.46
-0.07
0.22
0.51
17.41
-16.17
-0.86
-0.18
0.92
0.18
-1.22
-0.30
-0.12
0.14
-0.46
0.12
0.09
0.05
-0.38
0.24
0.48
-1.89
-0.30
2.05
0.65
0.13
5.51
-6.53
1.38
-0.07
-0.40
5.25
-1.95
-0.11
4.96
-7.91
-1.83
-0.47
0.38
1.21
-3.10
-0.27
2.05
0.43
-2.11
1.09
1.35
-7.01
21.43
-4.38
-0.58
-2.92
63.83
-17.96
-27.25
-20.80
-2.51
-0.56
4.68
-0.05
1.27
-6.50
-0.29
14.61
-10.68
13.43
16.09
208.37
-107.14
28.35
-8.95
-24.31
-91.94
89.57
-29.12
-75.98
-15.88
-4.63
-0.48
0.48
0.13
1.50
2.16
-2.34
-3.80
2.63
-1.35
7.23
18.51
-24.15
1.51
1.36
-0.33
3.25
-6.01
-0.73
4.49
-2.12
-2.29
0.11
1.81
7.78
3.90
-11.36
9.74
-12.09
1.20
0.19
16.46
-12.16
3.96
-3.68
-4.28
-1.41
0.78
-1.45
1.76
16.78
-16.05
-1.19
-0.33
17.14
-2.87
-13.90
0.30
-1.48
-0.12
-0.36
2.12
4.67
8.37
9.84
-20.65
-2.41
-0.93
-1.27
7.57
-4.36
7.55
-8.62
-3.16
0.03
1.97
-2.06
1.05
1.12
1.32
-1.47
-2.21
1.36
4.10
-0.27
-1.82
-0.30
1.24
-3.31
-0.38
0.93
1.26
-0.56
-0.40
-0.49
-0.27
9.35
-5.96
0.64
-3.03
-0.81
-2.14
-1.49
3.44
5.23
-5.24
-9.42
-4.31
10.56
2.97
-4.10
-21.84
16.44
3.20
0.80
1.64
-2.38
6.39
10.52
-14.71
-11.81
23.36
-13.03
-1.76
-20.43
12.52
-3.77
17.18
-3.90
1.63
0.13
9.86
-4.58
-5.46
0.80
3.99
-1.86
3.71
-4.54
6.17
2.83
12.85
-9.80
-4.59
4.93
2.66
0.26
7.29
-18.81
-4.05
-2.29
-4.30
-3.08
5.68
13.47
6.44
-5.31
-7.26
-0.54
6.70
32.22
-3.20
-20.03
-10.63
1.35
-5.56
30.33
41.80
-34.51
-12.25
-15.27
-5.96
7.45
22.11
-4.42
-13.74
9.94
-11.34
-13.02
-3.78
4.31
5.60
56.62
-56.57
-4.45
-1.87
5.01
-2.56
-5.10
10.75
-8.86
2.84
3.01
-11.70
18.93
10.11
-3.36
-21.34
-0.15
5.30
6.22
18.91
-27.07
3.29
-7.86
-0.49
-3.93
-1.84
0.62
6.95
-1.71
-1.19
0.53
-5.99
-3.30
1.92
17.68
18.72
-24.16
-8.20
-4.88
9.91
8.01
40.30
-24.48
-2.33
8.59
24.33
-35.61
-17.24
1.05
-9.77
25.09
-18.25
-8.79
-0.62
0.61
5.44
-5.55
-2.33
-3.30
2.70
3.65
0.46
0.93
-0.87
-2.99
1.52
-9.93
1.91
0.38
3.98
8.87
-4.94
-4.69
18.95
3.04
-19.44
5.62
1.05
-5.85
6.17
-12.21
1.28
23.93
-2.49
8.29
-5.05
3.90
-1.26
2.81
-0.97
-0.20
2.78
-0.25
1.96
-4.57
-0.52
-1.44
-1.17
-0.82
2.13
-0.66
4.26
-0.33
-0.32
1.84
1.12
-1.22
0.16
0.88
-2.09
-0.28
-2.05
3.17
-13.77
12.40
2.76
-1.16
1.68
16.09
-5.17
-12.86
1.52
-1.65
-0.38
3.63
-2.86
0.66
-2.59
6.49
-3.64
-1.81
-10.54
8.13
-4.26
7.79
-5.08
-1.60
-1.00
2.79
-2.87
-4.81
-0.83
-5.84
4.45
-0.92
-0.55
-0.13
-0.52
0.89
3.77
-6.15
0.24
-0.69
12.21
-14.02
-4.26
-2.07
1.97
1.40
1.95
0.99
1.92
