-0.89
1.61
-0.03
-0.91
-0.81
-0.25
0.05
0.63
0.36
-0.41
-0.54
-0.35
-0.14
-1.07
-0.16
1.09
2.80
0.85
-1.59
-2.78
8.61
-1.89
0.00
7.51
-11.56
-0.82
1.31
1.24
-3.85
-0.82
-2.44
-0.36
0.73
3.89
-1.08
-1.06
-1.76
-0.03
-1.15
3.60
-6.33
3.94
1.56
1.54
0.84
-3.12
3.08
0.61
0.96
-1.40
2.02
-1.95
-1.98
0.15
1.13
0.70
0.00
-0.42
-1.33
-1.37
0.04
-1.07
5.40
-5.95
4.86
0.09
-0.94
0.28
1.36
0.15
-1.06
0.55
0.22
-2.13
-0.45
-1.27
1.22
-0.37
0.32
-0.40
-3.13
3.51
0.57
0.43
3.83
-0.60
-1.63
-0.25
-0.04
0.71
-1.47
-1.98
-1.67
-1.32
4.79
-0.14
-1.29
-0.24
1.45
-2.42
1.56
1.26
0.51
-0.49
1.93
-1.84
-0.87
-0.23
0.49
-1.12
9.72
-8.64
-0.61
0.59
-0.64
10.90
-8.64
-0.62
-1.28
1.32
-0.43
0.07
-0.77
-0.30
0.99
0.15
-1.58
-0.30
2.17
0.91
-1.03
-0.64
-0.79
-0.59
0.37
-0.71
1.43
0.12
2.04
-2.32
1.41
1.75
-0.65
0.25
-1.59
-0.09
-1.17
-1.05
-0.90
1.48
-0.46
1.66
2.06
-2.38
0.00
-0.76
0.94
0.22
0.15
11.89
-3.00
7.73
7.88
-21.32
-2.52
-0.37
12.15
0.09
-2.99
5.18
-1.84
-12.09
-0.18
-0.48
-0.04
0.69
5.60
2.09
-3.97
-1.85
0.25
-0.75
-0.07
0.28
2.38
-3.65
1.91
2.06
-2.26
-1.49
1.45
-1.10
-0.24
-1.01
1.48
3.11
-0.65
-0.37
-26.79
23.14
1.40
0.12
-4.16
4.23
-0.76
-0.50
-0.44
-0.07
0.70
-0.44
-0.52
-0.09
-1.20
1.65
0.17
-0.34
-0.08
0.77
0.36
1.80
-2.01
-0.61
-1.71
2.61
-0.29
-0.71
0.71
0.46
-1.47
-0.05
0.72
1.54
0.54
-1.24
-1.17
-0.36
0.71
0.26
2.24
-1.34
0.19
-1.27
-0.08
0.88
0.01
-1.14
-0.80
-0.23
-0.38
-0.54
9.24
10.82
17.43
-28.86
-5.83
8.80
-5.29
9.81
6.71
-11.85
3.49
-2.95
-9.42
-0.47
7.16
13.04
-2.22
4.77
-23.81
-0.38
-1.46
0.90
-0.04
1.87
-0.07
-2.00
1.45
0.46
-4.27
2.07
1.08
-1.03
0.22
0.59
-0.67
-1.11
1.56
1.11
-1.54
1.07
-1.02
0.71
-0.44
0.82
1.04
-0.68
0.81
-2.78
1.91
1.22
3.08
-3.47
-0.45
0.12
0.87
-0.64
0.00
0.67
-0.49
-0.32
-0.54
-1.60
1.80
9.30
-2.46
-2.65
-2.98
2.08
-4.15
0.62
-0.23
1.02
32.20
-30.52
-0.47
-0.70
1.41
1.84
-4.81
0.32
0.89
-1.35
0.07
1.10
0.32
-0.10
-0.32
-0.33
1.01
-4.31
2.35
1.44
0.89
0.62
4.42
-4.24
-0.26
0.74
-3.15
9.99
0.15
2.59
3.76
-14.53
-1.31
-1.28
-1.41
0.01
-4.54
-2.07
3.72
2.99
-3.32
-2.59
5.98
-8.32
17.17
36.92
-31.11
-7.25
33.76
-13.76
9.54
-29.75
-1.77
-0.66
3.83
0.79
11.29
-19.16
4.35
13.66
-6.57
11.69
30.38
71.14
-94.22
59.50
115.26
-323.16
132.52
63.95
-27.85
-31.34
-3.74
-8.68
-0.04
-0.29
-2.37
1.69
2.90
0.60
-4.53
2.93
3.19
4.46
28.78
-33.11
-3.09
2.90
5.39
48.99
-55.47
-1.69
1.18
-3.44
-1.75
1.31
2.72
13.69
-2.57
-1.26
16.32
-15.06
-14.18
5.61
17.44
-2.46
-6.24
-3.97
-7.07
-3.86
1.51
-1.65
-0.79
13.85
-8.60
-3.96
-0.44
10.17
-0.17
-8.60
-1.54
-1.27
-1.02
0.70
5.95
3.89
12.83
4.76
-22.31
-2.95
-2.13
1.47
6.39
0.76
5.62
-13.58
-2.43
0.25
1.30
-3.05
1.62
1.98
1.08
-1.71
-2.78
6.72
0.09
0.46
1.17
-0.52
3.57
-9.17
-0.07
1.45
0.02
0.14
-0.48
-1.04
-0.47
5.69
-2.12
-0.09
-2.52
-1.61
-2.40
-0.09
3.16
6.08
-6.55
3.28
-1.92
-2.79
1.52
1.01
-2.89
-0.44
0.83
-4.13
3.21
-3.07
4.38
13.57
-9.75
0.27
7.60
-15.53
-2.14
-0.74
15.87
-14.53
7.76
-4.07
0.14
1.75
2.97
3.05
-2.58
-2.13
20.02
-20.29
0.34
0.43
9.96
-0.01
0.91
10.31
-20.81
-2.10
2.00
-3.28
3.78
-1.25
-0.39
-2.20
-3.48
3.10
8.38
-2.11
3.10
-3.17
-5.32
0.92
1.37
4.41
1.09
-3.33
-1.43
-2.54
0.73
3.93
8.06
-6.40
-3.21
-1.00
-0.53
-1.65
3.52
2.25
-0.94
24.74
-26.36
-3.90
-0.17
0.03
3.46
2.98
-3.05
-2.32
-2.08
0.56
2.42
-3.21
2.05
1.13
-0.50
-0.32
-4.29
5.23
1.04
-0.04
-1.46
0.88
-2.73
-0.92
3.32
0.16
0.91
-2.45
-1.45
-1.89
-2.86
-0.41
4.14
2.03
0.99
-1.26
-3.26
-2.15
2.37
4.44
2.56
-2.20
-2.45
-3.20
0.41
2.37
12.69
-7.04
3.11
-3.13
0.42
-1.68
-1.55
2.88
-1.91
-2.04
1.20
-6.53
-1.01
-0.96
-0.11
0.99
0.07
-3.05
-1.30
-1.98
7.70
-3.41
2.12
-1.11
-1.51
-2.37
3.76
-2.25
6.15
1.53
-3.93
-2.09
30.76
-18.56
-7.99
-0.66
0.30
-6.62
4.79
-10.40
2.16
21.47
-9.18
15.35
-3.20
2.36
0.59
1.72
-5.76
3.48
3.76
-1.60
1.93
-5.58
2.40
-1.57
-1.77
-1.06
-2.44
3.17
4.99
-2.35
2.69
0.47
1.84
0.02
-2.06
4.53
-0.49
-1.69
0.06
0.19
-1.22
-4.27
8.83
-3.57
-2.19
6.99
9.05
-13.05
4.39
-4.80
-1.56
2.89
-1.67
-1.38
0.45
4.71
-7.04
1.94
-4.44
1.93
0.27
-0.39
-6.34
2.53
0.30
1.16
-3.03
-3.28
-0.61
-9.10
6.28
-1.72
1.41
0.44
-1.18
-0.45
4.30
-6.20
-4.92
5.30
-0.20
-4.98
-5.80
-1.43
2.66
5.61
-0.10
2.71
-2.38
