0.69
0.09
-0.11
-1.04
-0.75
-0.28
-0.39
0.84
-0.16
-0.10
0.11
-0.41
0.08
-0.14
-0.89
0.96
4.28
-1.92
-1.50
0.88
5.13
1.27
-1.70
7.22
-13.64
0.96
1.01
-0.41
-2.16
-0.66
-2.71
1.54
-0.65
7.43
-2.94
-4.71
-1.14
3.35
-3.08
1.52
-3.59
2.70
1.82
0.15
1.35
-1.88
1.60
0.99
1.86
-1.96
1.24
-1.43
-0.44
-0.27
0.77
0.02
0.50
-0.41
-0.13
-1.95
1.89
-0.42
3.67
-4.75
3.54
-1.57
-0.88
0.43
1.48
0.27
-0.03
0.21
-1.02
-2.63
1.00
-0.92
1.70
0.27
0.03
0.51
-0.96
0.12
1.84
-0.67
1.63
-0.77
-0.25
-0.89
-0.29
0.05
1.19
-1.68
-1.67
0.84
3.98
-2.66
-1.32
-0.21
5.58
-5.14
-0.02
1.03
1.38
-0.30
2.07
-5.63
-4.87
4.53
2.81
-2.07
5.89
-5.04
-0.74
1.05
0.24
1.36
-0.33
0.59
-1.86
1.50
-1.50
1.40
-0.69
-0.75
1.86
-2.69
0.21
-0.78
2.10
2.64
-1.73
-0.35
-0.66
-8.24
0.00
3.26
3.96
-3.07
-10.67
7.70
4.48
3.77
-1.81
3.40
-1.72
0.43
-13.98
2.99
-9.96
18.18
-3.56
7.41
-1.09
-3.05
1.01
-3.42
2.00
1.78
0.65
12.16
-2.87
-0.66
13.86
-22.00
0.56
0.29
13.69
-0.35
-1.92
1.59
-12.10
-2.24
-0.41
-1.91
5.62
3.63
4.72
3.60
-1.51
-7.53
-1.30
3.01
1.60
11.59
8.49
-12.23
2.77
-11.64
-4.00
-2.77
1.85
-0.12
-1.49
1.57
14.45
-9.00
4.91
5.51
-12.98
4.42
-1.59
-2.26
-3.42
7.47
-9.74
1.21
3.25
-2.53
1.52
-3.59
1.06
-1.77
-0.24
1.47
-0.61
0.42
-0.88
1.04
1.37
7.02
-5.61
-2.43
-0.34
-1.17
1.02
-0.40
1.37
-1.23
-0.73
0.04
2.71
7.46
-5.88
-0.87
-1.98
-1.04
1.44
2.60
2.03
2.92
-8.82
4.80
4.61
7.60
-13.31
-5.57
-1.73
-0.05
-1.72
-10.43
10.64
-5.43
21.82
-8.66
-4.65
2.18
0.19
19.05
3.88
-5.83
1.07
-18.18
1.18
-2.38
24.27
-1.25
-0.28
-19.30
-6.45
0.40
-2.31
0.57
-0.63
8.63
-5.50
-15.08
15.67
2.33
-2.56
-2.74
2.03
-1.55
1.24
0.72
-0.58
-0.21
-0.13
1.59
-1.89
1.40
0.19
0.65
-0.63
0.88
2.13
-1.89
0.46
0.22
0.05
-0.38
1.71
-2.06
-0.27
0.64
-0.27
2.41
-1.57
0.58
-0.06
-0.42
-0.89
-0.34
0.01
3.70
3.81
-4.90
1.71
-2.25
-2.48
0.00
0.64
0.57
0.11
1.36
-0.29
-0.68
1.53
2.33
-5.08
-0.09
-0.18
0.28
-0.28
-0.02
0.08
-0.51
0.87
-0.39
-0.53
0.02
-0.78
2.49
2.09
-1.79
9.35
-13.08
4.22
-2.06
3.60
8.70
-7.61
-1.19
6.76
-9.23
-0.99
-0.80
-0.03
1.53
-3.40
-2.61
4.92
-2.07
0.45
-1.78
3.39
-8.72
32.26
-4.65
-3.14
-2.20
80.51
-43.18
-28.60
-19.18
-1.36
-0.19
5.19
0.41
1.54
-6.30
-2.45
16.60
-9.30
17.68
29.13
269.11
-192.68
47.45
-13.33
10.82
-142.29
103.80
-40.09
-64.62
-26.41
-3.26
0.37
0.54
-0.03
1.18
5.36
-3.11
-6.65
4.15
-3.22
11.38
19.75
-25.10
-2.21
3.95
1.88
1.71
-8.98
0.01
5.82
-3.89
-4.78
-0.29
3.66
8.52
1.66
-7.85
8.03
-13.78
2.09
-1.40
16.25
-7.21
3.72
-6.02
-4.79
0.26
2.10
-3.25
3.12
33.74
-30.93
-3.53
0.74
7.96
6.59
-15.68
-1.14
-0.30
-1.42
0.04
3.22
4.56
15.07
6.67
-28.08
0.49
-1.04
-1.40
8.98
-5.72
3.28
-4.79
-2.77
0.44
1.97
-2.33
0.95
1.00
0.87
-0.93
-2.26
2.18
3.27
-0.36
-1.06
-0.80
1.93
-3.82
0.02
0.64
0.91
-0.38
-0.18
-0.90
-0.35
13.13
-9.16
-0.83
-2.23
-0.91
-1.45
-1.95
3.54
3.62
-4.25
-6.28
-0.92
5.09
2.60
-3.06
-15.22
12.25
2.02
-2.89
3.02
-3.77
5.28
9.31
-12.38
-3.47
19.89
-15.71
-2.94
-22.24
15.69
4.23
8.61
-2.02
-0.26
-0.30
23.82
-18.64
-1.97
0.14
0.11
-1.13
2.23
-1.10
7.49
1.45
9.44
-7.54
-4.86
8.83
0.94
-5.21
24.58
-26.27
-9.36
-3.43
-4.86
0.53
5.41
9.70
7.23
-5.04
-6.38
-2.54
5.56
32.33
-1.34
-23.69
-5.87
1.31
-6.29
29.72
42.09
-38.69
-13.23
-10.34
-6.63
10.89
21.30
-16.30
-0.83
-0.57
-2.97
-14.46
-2.30
5.00
3.70
60.31
-58.55
-6.68
-0.04
5.58
-1.93
-5.98
10.80
-5.66
-1.72
-7.81
-3.71
31.05
1.87
-10.39
-18.72
3.24
3.65
9.03
22.09
-32.50
3.70
-7.76
-1.58
-6.42
2.47
2.21
6.62
-2.17
-1.66
1.35
-9.10
-2.24
1.49
14.40
26.13
-27.72
-7.43
-4.18
10.90
3.94
46.70
-33.34
-0.40
9.10
2.03
-20.55
-7.69
2.60
-7.05
24.24
-22.20
-8.03
-1.69
2.64
0.42
-0.34
-4.50
0.21
3.00
0.35
1.64
1.57
-2.48
-1.73
-1.70
-5.67
1.09
2.41
5.56
7.04
-6.50
-3.91
20.95
-10.45
-11.59
3.58
4.71
-5.52
3.16
-8.95
-2.62
26.73
-0.20
4.41
0.17
0.68
0.80
1.34
2.22
-4.32
2.32
0.63
0.70
-2.83
-0.20
-2.36
1.07
-1.68
2.11
-0.82
2.52
0.63
-0.27
1.50
0.83
0.31
-0.86
0.62
-0.62
-0.34
0.70
-0.82
-13.59
11.24
5.54
0.02
-6.87
48.67
-18.91
-17.18
0.03
-6.94
-2.66
1.39
0.50
2.86
-5.95
6.50
-3.91
-1.04
-7.63
5.02
-5.65
9.57
-5.82
-2.53
-1.19
2.99
0.03
-7.57
2.22
-5.57
2.26
-1.64
-0.42
-0.90
-0.53
1.32
4.55
-4.05
-3.36
0.23
1.40
-4.33
-3.77
-0.03
1.94
0.97
1.80
5.27
-2.19
