-3.73
6.21
-2.23
-1.80
-0.60
0.35
-0.19
0.41
-0.25
-0.06
-0.40
-0.08
-0.09
-0.09
-0.35
0.35
7.13
-4.82
0.70
-2.05
8.97
-0.72
-1.94
20.65
-27.70
2.58
-1.14
0.18
-1.91
-0.96
-0.58
-1.32
-0.13
6.62
-0.46
-2.37
-5.02
4.00
-4.75
2.99
-2.90
2.84
1.38
0.19
1.22
-3.09
0.53
2.81
0.87
-1.52
2.72
-1.48
-1.00
-0.55
0.75
0.28
0.95
-1.11
-1.72
-0.16
0.45
1.79
3.84
-6.65
4.81
-2.64
0.15
-0.14
0.81
0.05
-0.51
1.08
-1.03
-1.42
0.05
0.35
-0.05
0.34
-0.53
0.90
-0.66
-0.05
1.54
-0.06
2.98
-2.07
0.12
-0.47
-0.74
0.49
-0.63
-1.21
-0.42
1.08
1.13
-0.72
-0.84
-0.51
0.14
0.02
-0.09
1.61
1.73
-1.71
0.51
-3.06
0.60
0.52
0.67
-2.39
1.83
-1.84
0.84
1.58
-0.91
0.65
0.55
-0.69
-0.32
0.92
1.61
-1.74
-0.41
-0.22
0.50
-0.49
-0.79
0.98
1.48
-1.25
0.84
-0.40
-0.03
-7.13
3.61
2.47
0.45
-1.21
-0.30
2.27
0.71
1.46
-2.10
0.45
-0.06
0.34
-2.79
0.43
-1.61
3.22
1.03
-0.06
0.87
-2.37
0.46
-0.83
0.39
-0.17
1.00
12.35
-2.25
4.09
10.48
-24.97
0.30
0.42
12.47
-0.87
-5.82
7.91
-13.26
-0.65
-0.96
0.12
1.20
0.64
3.69
1.58
-2.20
-1.83
-0.31
-0.69
1.16
1.12
0.74
-1.73
1.12
-0.58
-0.61
-1.57
1.00
-0.66
-0.79
0.72
6.07
0.47
-1.24
5.23
-8.98
-1.02
1.52
-1.39
-3.62
2.65
-0.36
-0.43
0.05
0.39
0.13
-0.38
-0.77
0.39
-0.58
0.86
-0.01
-0.62
0.32
0.92
-0.04
0.45
-0.75
-0.33
-0.64
0.57
0.37
-0.90
0.93
-0.78
-0.18
0.17
0.20
1.64
1.28
-1.52
-1.52
-0.11
0.52
1.31
0.47
-0.03
-2.03
0.85
2.52
-0.29
-1.89
-1.19
-0.50
-1.88
0.79
0.11
5.01
9.81
15.40
-23.76
-5.91
1.77
-1.53
11.81
-1.77
-1.00
-0.71
-6.74
-0.78
-0.76
8.42
14.04
1.02
-20.61
-3.99
-0.21
-0.98
0.42
-0.36
2.25
-0.51
0.21
0.14
0.19
-1.12
-1.44
1.52
-0.55
0.15
0.69
-1.09
0.57
-0.04
0.56
-0.66
1.06
0.02
-0.03
-1.22
1.76
-0.17
-0.21
0.13
0.24
-0.69
0.63
1.26
-1.80
-0.18
0.37
-0.14
1.36
0.79
0.35
-1.70
0.38
-0.65
0.12
-0.66
4.63
6.23
-8.86
-0.36
0.66
-2.35
0.39
-0.04
1.30
-0.21
0.35
-0.33
-0.60
2.18
-1.38
-1.49
-1.19
1.41
0.41
-0.26
-0.38
0.05
-0.29
0.62
0.17
-0.32
-1.98
1.18
2.18
0.37
0.69
1.80
-4.28
2.13
-0.40
0.71
4.92
3.10
-5.46
1.87
-5.20
-2.77
-0.35
0.11
0.21
-2.53
0.78
3.84
-3.58
-0.47
-0.37
3.35
-7.53
42.52
-8.27
-17.42
2.24
55.03
-23.02
1.12
-38.91
-3.48
-0.06
4.57
3.87
-9.07
1.66
-2.98
18.91
-1.62
20.03
-3.08
207.11
-186.19
83.89
-3.17
55.83
-174.22
79.94
-12.54
-52.79
-24.20
-4.63
0.13
-1.08
0.90
-2.51
6.95
9.00
-17.42
4.43
4.82
6.18
19.23
-28.99
0.85
5.97
16.57
-11.71
-11.71
-0.46
11.43
-12.34
-2.29
1.37
2.85
19.13
9.85
-17.07
21.73
-34.52
-0.06
5.64
8.78
-0.36
4.81
-10.56
-6.85
-2.63
2.03
-2.90
0.59
36.75
-34.04
-0.71
-0.56
2.02
13.20
-16.69
0.28
-1.11
-0.62
0.23
4.40
2.38
18.68
1.98
-27.82
0.99
-0.72
-0.94
0.63
3.54
1.32
-4.27
-1.90
0.70
1.11
-2.33
0.46
1.37
1.03
-1.14
-2.00
2.20
4.63
-0.80
2.38
-3.68
4.39
-6.47
-0.63
0.03
0.42
-0.15
0.39
-1.02
-0.38
6.26
-3.90
0.31
-2.26
-0.72
-0.45
-1.83
1.08
0.81
-0.95
-1.13
1.83
-0.05
0.86
-2.64
-7.09
7.77
0.58
-2.89
1.89
-2.89
4.18
11.62
-5.64
-0.79
-4.10
-3.36
-3.18
-12.07
13.64
-0.08
3.53
0.64
-1.26
0.95
2.17
1.25
-0.97
-1.25
0.46
-0.59
1.46
0.30
2.40
0.25
7.54
-6.17
-4.15
0.78
2.71
-4.95
4.45
-2.58
-2.78
-1.25
-3.72
1.30
4.01
3.23
1.90
-3.09
-1.31
0.14
1.87
11.70
-1.53
-7.94
-3.93
-0.75
-0.07
3.23
16.37
-11.79
-4.84
0.36
-2.59
-0.32
3.51
-1.63
2.97
-2.80
0.63
-4.17
0.57
-0.75
2.25
10.54
-10.38
-0.74
-0.22
-0.29
0.89
-3.78
4.20
-1.24
-0.08
-3.00
0.08
2.67
1.87
-0.81
-1.77
1.79
-1.20
0.00
4.24
-4.57
0.13
-2.49
-0.38
-0.45
-3.17
1.89
2.19
0.74
-0.06
-1.18
-1.94
-0.46
1.87
3.18
4.01
-3.77
-1.54
-2.35
1.12
2.10
16.05
-11.97
0.09
1.81
-2.92
-2.57
0.08
-0.29
-0.12
4.79
-5.60
-6.16
0.56
2.39
0.13
-1.96
-2.95
2.31
-3.54
1.06
0.14
1.74
-1.64
-4.29
1.17
-5.25
9.85
-4.28
5.72
3.63
-3.25
-0.36
13.91
-13.26
2.25
-3.12
2.52
-3.70
1.62
-8.00
-0.62
26.25
-6.87
5.21
-1.28
4.00
-0.50
2.82
-2.19
0.51
2.06
0.18
0.55
-4.54
0.17
0.80
0.54
-5.46
5.01
-0.59
2.62
0.93
1.15
-0.09
1.36
-0.17
-2.34
1.58
0.72
-0.68
-0.39
-0.11
-1.40
-1.29
11.44
-9.77
-1.39
26.22
-7.58
-15.22
5.93
-6.52
-1.15
1.10
-1.08
1.44
-2.35
6.31
-3.63
-1.43
-0.84
-1.34
-3.05
9.33
-8.16
-0.84
-7.28
7.45
-6.53
0.05
-0.63
-1.63
-0.03
-2.12
0.22
0.08
-0.69
-0.32
5.07
-6.08
-1.01
1.63
-0.75
-6.55
-3.38
0.12
2.80
2.44
2.67
5.79
-0.58
