-0.59
0.67
0.03
-0.18
-0.56
0.17
-0.31
0.10
-0.06
0.29
-0.20
-0.22
-0.45
-0.23
-0.16
0.50
1.38
0.91
-1.26
-2.05
3.79
1.14
3.15
-3.37
-2.26
-0.32
0.53
-0.11
-1.24
-0.81
0.17
0.22
-1.14
5.14
-3.33
-1.60
0.09
1.96
-4.37
2.38
0.52
-0.40
-0.60
1.16
0.56
-0.34
0.57
0.15
0.84
0.33
-0.08
-0.83
-0.41
-0.19
0.34
0.06
0.48
-0.82
-0.40
0.12
0.26
0.45
2.87
-3.10
2.70
-2.36
-0.49
0.24
0.01
-0.26
0.01
1.11
-1.15
-0.94
0.23
0.14
0.63
0.13
-0.68
0.15
0.35
-0.05
0.79
0.48
1.50
-1.63
0.07
-0.69
0.45
0.02
0.05
-0.22
-0.24
-0.42
0.47
0.25
-1.19
1.18
0.26
-0.47
0.00
0.14
0.34
0.20
-0.04
-0.70
-0.01
-0.02
-0.19
-0.51
0.90
-0.46
0.38
-1.03
0.60
0.20
0.87
-0.48
-0.12
0.24
1.02
-0.85
-0.24
-0.23
0.00
-0.08
-0.29
0.35
-0.23
0.11
0.18
-0.37
0.21
-0.53
0.21
0.09
0.05
0.17
-0.49
-0.09
1.93
-0.67
-0.48
-0.14
0.30
-0.06
-0.06
-0.35
0.03
0.92
-0.62
0.52
-0.06
-0.45
-0.05
-0.55
0.32
-0.57
0.56
11.52
0.46
-0.34
1.09
-12.70
0.24
0.06
10.63
-4.02
0.32
2.49
-8.74
-0.72
-0.70
0.63
0.72
0.41
0.99
-0.93
-0.15
-0.14
-0.18
-0.65
0.66
0.34
-0.07
-0.14
1.83
-0.79
-0.88
0.62
-0.87
-0.26
0.05
0.08
0.36
1.34
-0.26
-0.97
-0.17
1.32
-1.26
-0.45
-0.59
0.76
-0.41
-0.15
-0.08
0.04
0.00
-0.43
-0.05
0.41
-0.07
0.08
-0.31
-0.16
0.12
-0.15
0.07
0.61
0.01
-0.40
-0.09
-0.33
0.29
-0.38
0.15
0.08
-0.16
-0.16
0.20
0.58
0.50
-0.44
-0.26
-0.07
-0.14
0.32
0.60
0.09
-0.61
-0.34
-0.07
0.23
0.22
-0.37
-0.11
-0.37
-0.38
-0.20
4.75
5.62
13.96
-22.16
-1.20
0.75
-0.97
3.16
-0.58
-1.19
0.35
-1.23
-0.06
-0.39
2.10
1.63
1.59
-3.83
-1.52
-0.05
-0.41
-0.02
0.07
0.32
0.33
-0.27
0.33
-0.15
-0.78
0.75
-0.55
0.24
0.06
0.34
-0.66
-0.77
0.44
0.38
-0.59
0.79
0.11
0.15
-1.29
1.03
-0.17
0.29
0.12
-0.95
1.01
0.14
0.29
-0.36
0.08
0.04
-0.23
0.18
0.16
-0.05
-0.22
0.22
-0.08
-0.12
-0.11
0.43
0.89
-0.71
0.05
-0.70
-0.57
0.41
-0.21
0.36
0.75
0.52
-1.00
0.31
0.65
-0.63
-0.36
0.27
0.20
0.17
-0.69
-0.39
0.39
0.28
0.02
0.00
-0.86
0.71
0.35
0.45
-0.18
0.94
6.35
-6.90
1.17
-0.55
-1.38
3.05
0.46
-0.28
2.65
-5.13
-1.17
-0.50
-0.28
-0.09
-0.95
-0.33
4.10
-0.50
-2.08
0.55
0.85
-4.54
24.77
2.60
-20.25
5.63
109.50
-40.21
-62.11
-15.06
1.56
-1.53
1.84
5.07
-8.05
1.96
-1.81
14.07
-9.83
13.86
11.94
109.89
-50.39
56.18
-45.04
34.44
-107.49
119.10
-59.62
-60.28
-22.31
-3.10
0.93
-0.13
0.32
-2.47
3.99
5.39
-11.25
4.00
-0.96
14.61
1.65
-13.44
2.18
2.30
6.40
0.05
-11.16
-1.30
3.17
-3.07
-0.79
0.58
0.89
6.68
7.24
-3.13
10.49
-20.23
-0.72
3.44
8.13
-5.20
4.99
-6.93
-4.86
-0.43
0.54
-1.54
0.23
7.85
-7.89
0.24
-0.40
5.94
0.35
-6.73
-0.72
-0.07
0.24
0.21
1.64
3.47
9.85
-4.27
-10.17
-0.23
-1.44
0.31
-1.11
6.88
-1.65
-3.16
-1.31
0.18
0.48
-0.84
0.35
0.53
0.66
-1.71
0.55
0.61
0.41
0.73
0.04
0.00
1.60
-2.96
0.21
-0.47
0.40
-0.05
0.11
-0.05
-0.73
9.95
-7.81
-1.04
-1.13
-0.42
-0.51
0.29
-0.60
1.36
-0.58
0.19
-0.05
0.21
0.05
0.55
-3.12
0.13
0.57
-0.77
-0.02
-1.69
2.10
7.27
-1.45
6.09
-10.81
-1.00
-3.50
-2.46
4.61
0.18
0.95
0.17
0.06
0.26
0.99
1.75
-0.45
-0.02
-0.27
-1.04
0.68
-0.47
2.06
-0.38
-0.93
-0.58
0.66
-0.89
-0.59
0.63
3.09
-1.38
-2.02
-2.80
-1.79
3.45
2.79
0.91
1.94
-1.78
-1.47
0.19
0.48
4.00
-1.20
-2.17
-0.91
-1.02
-0.76
2.02
2.07
-1.62
-0.30
-0.41
-0.27
-0.24
1.10
0.48
-0.70
0.34
-0.03
-1.77
-1.09
0.49
0.16
4.53
-4.42
-0.03
-1.24
1.19
0.03
-1.18
0.22
0.67
0.16
-2.38
-1.06
2.90
2.73
-2.77
-0.62
0.91
-0.11
-1.69
-0.04
1.16
-0.46
-1.10
-0.14
-1.77
-2.90
0.92
2.75
0.74
0.41
-0.13
-1.83
-0.65
0.12
3.20
2.61
-0.35
-3.47
-1.71
0.81
1.25
6.00
-2.88
1.84
1.43
-3.33
-1.85
-0.03
0.11
1.82
1.00
-2.49
-7.76
1.13
1.26
2.27
-2.09
-2.92
-1.25
-1.09
0.76
-0.48
1.71
1.90
-0.22
-0.98
-4.26
2.87
1.62
1.72
2.86
0.73
2.46
27.56
-31.94
3.76
-1.30
0.20
-5.05
-2.12
-2.67
0.08
17.03
-0.17
12.44
-7.30
3.20
-0.04
0.76
-2.73
3.22
0.92
0.80
-1.35
-1.06
1.95
0.27
-4.96
1.50
2.11
0.08
1.41
-0.97
1.41
1.12
1.12
-1.33
0.88
-0.04
-1.77
-0.17
1.43
-0.39
-13.29
11.23
2.75
-2.08
0.60
29.03
-25.54
-0.40
-1.63
-1.41
0.07
1.13
-2.57
0.61
-0.34
6.51
-3.65
-2.17
-4.48
1.82
-3.43
7.36
-5.15
-0.40
0.99
0.83
1.56
-13.13
-1.68
0.98
0.86
-0.87
-0.31
0.00
-0.03
-0.30
-0.33
-0.20
-1.25
1.21
-0.45
-4.98
-2.39
1.39
0.43
1.74
0.11
4.25
0.25
