-0.05
0.41
0.09
-0.25
-0.23
-0.32
-0.22
-0.26
0.20
-0.14
0.04
0.01
-0.19
-0.58
0.23
-0.21
-0.25
1.21
0.96
-0.19
-1.80
1.28
1.73
2.06
-1.81
-1.61
0.35
0.21
-0.41
-1.19
-0.78
1.30
0.42
0.00
1.14
-1.66
-0.14
-0.51
1.26
-1.57
0.66
-0.11
-0.24
0.22
0.08
0.13
-0.66
0.81
0.59
0.08
1.49
-0.60
-0.95
-0.55
-0.12
0.03
0.49
-0.09
-0.28
-0.31
-0.53
1.27
2.62
-3.59
2.40
-1.89
0.39
-0.66
0.14
-0.07
0.72
-0.73
-0.94
-0.10
1.20
-0.41
-0.12
0.17
-2.90
1.39
1.72
0.22
0.60
1.90
-1.63
-0.10
-0.59
0.07
0.06
-0.12
-0.02
0.25
-0.62
0.70
-0.11
0.02
-1.36
0.90
0.10
0.18
-0.01
0.30
-0.15
1.27
-1.23
-0.21
-0.21
-0.03
0.11
-0.28
0.18
0.32
-1.12
0.93
-0.28
0.39
-0.14
-0.21
0.49
-0.17
-0.06
0.06
0.08
-0.33
-0.01
-0.24
0.15
0.12
0.74
-0.22
-0.13
0.00
-0.58
0.48
-0.38
0.27
0.30
-0.36
-0.14
1.28
2.72
-2.65
-1.17
0.39
0.17
-0.55
0.39
0.09
0.17
0.85
-0.83
0.24
-0.63
-0.10
-0.50
-0.03
0.00
0.10
0.54
0.43
13.44
-11.79
-1.66
-0.14
-0.01
0.22
1.21
3.99
3.79
-2.15
-7.44
-0.32
0.44
0.34
0.35
0.25
0.98
-0.35
-0.42
-0.51
-0.69
0.27
0.37
0.03
-0.06
1.92
-0.09
-1.76
-0.09
0.11
-0.28
-0.11
0.23
-0.18
0.89
0.67
-1.06
-0.49
0.32
0.49
-0.64
-0.86
0.55
0.22
-0.46
-0.28
-0.42
0.38
-0.22
-0.07
0.24
0.17
-0.20
0.50
-0.40
-0.05
-0.25
-0.09
0.54
0.20
0.04
-0.44
-0.25
0.28
-0.07
-0.41
-0.09
0.51
-0.07
-0.36
0.50
0.59
-0.26
-0.27
-0.06
-0.17
-0.12
1.30
-0.15
-0.62
-0.31
0.12
0.17
0.46
-0.48
-0.20
-0.14
-0.72
-0.28
-0.15
6.96
14.31
-17.37
-1.59
0.35
-1.35
-0.16
1.15
-0.30
-0.38
0.40
-0.86
-0.17
0.03
1.59
3.18
1.73
-6.27
-0.42
-0.01
-0.20
-0.08
0.33
0.06
0.10
0.05
-0.08
0.37
-0.01
-0.75
0.17
-0.16
0.40
-0.10
-1.28
0.44
0.75
-0.23
0.17
0.21
0.11
-0.24
-0.19
-0.02
0.26
0.14
-0.89
1.35
-0.04
0.43
-0.84
-0.05
-0.04
0.03
0.53
-0.22
0.21
-0.32
-0.48
0.21
0.07
-0.18
-0.11
0.26
-0.05
0.08
-0.02
-0.12
-0.49
0.39
-0.09
0.05
1.91
-1.42
-0.42
3.25
3.83
-6.35
0.38
-0.81
0.27
0.20
-0.05
-0.66
0.57
0.66
-0.92
0.25
-0.69
0.51
0.67
0.33
0.32
0.21
4.81
-4.97
0.87
-0.65
-0.95
0.79
1.23
0.63
2.13
-4.50
-1.13
-0.65
0.64
-0.38
-0.69
-1.41
2.50
0.48
-1.55
0.25
1.72
-3.25
14.43
-3.35
-7.82
9.31
90.57
-15.13
-78.89
-6.13
1.52
-1.20
2.00
3.89
-5.37
0.89
0.29
17.46
-16.38
9.42
21.15
124.41
-34.01
35.04
-73.97
56.39
-81.11
8.05
-2.31
-55.72
-6.28
-2.73
-0.08
-0.04
-1.68
0.71
7.70
-12.30
4.15
1.83
2.06
11.62
2.75
-12.76
-0.70
2.41
6.62
-3.72
-6.72
-0.10
1.36
-3.32
-0.08
0.52
0.50
5.11
12.92
-4.64
13.27
-24.17
-1.76
4.61
10.92
-9.65
5.77
-7.39
-4.85
0.18
-1.58
-0.01
1.52
0.61
-0.94
-0.76
-0.20
-1.10
0.66
0.01
-0.70
0.67
-0.07
0.33
3.36
6.36
2.36
-9.82
-2.23
-1.14
-0.31
-0.75
-0.07
5.94
-4.25
-0.78
0.38
0.14
-1.05
0.66
1.82
-1.35
-0.36
-0.69
-0.34
0.96
1.22
0.62
-0.28
1.28
-2.39
-0.19
-0.25
-0.07
0.25
0.14
0.16
-0.79
0.17
0.87
0.15
-0.97
-0.63
-1.14
0.83
0.23
1.23
-0.93
-0.20
1.00
-0.85
0.02
0.11
0.05
-1.84
-0.46
-0.33
1.34
-0.67
-3.04
13.71
-8.82
3.83
6.54
-12.26
-2.58
0.33
0.61
2.15
0.40
-0.09
0.25
0.34
-0.51
1.17
0.39
-0.09
0.08
-0.58
0.39
-0.13
0.30
-0.31
-0.26
0.40
0.03
-0.32
-1.49
1.34
0.08
1.41
-0.81
-1.37
-3.04
2.69
-0.53
1.68
2.50
-1.05
-0.54
-0.25
0.10
0.94
0.54
-0.62
-0.24
-1.45
0.08
-0.18
1.70
0.31
-0.49
-0.60
-0.30
-0.17
0.29
1.07
-0.38
2.03
6.66
-10.47
0.08
-0.65
0.09
-0.10
1.16
0.08
-0.79
-0.14
0.37
-1.88
1.71
0.26
-0.44
-0.71
0.62
-0.12
-0.04
0.56
-0.05
-0.15
-1.30
-0.50
-0.98
2.36
-0.62
0.83
-1.34
-1.45
-3.43
0.82
4.54
0.09
0.16
0.06
0.93
-5.21
3.07
1.31
1.26
0.03
-0.92
-3.52
1.28
1.24
2.37
0.61
-1.29
0.23
-0.44
0.80
-0.56
-0.40
0.54
0.08
0.39
-5.92
0.27
-1.55
2.04
1.02
-0.95
-1.50
-3.35
-1.03
3.67
-1.54
2.63
0.01
0.55
-3.96
5.93
-1.56
1.22
0.27
1.20
1.47
-5.07
11.75
-9.08
0.09
-1.32
-2.30
1.62
-2.05
1.59
2.53
5.88
14.66
-10.62
4.18
2.42
-0.70
2.23
-1.26
0.63
-1.01
-0.22
1.02
0.09
1.20
-3.94
1.74
-0.76
2.46
0.68
0.01
0.16
0.40
0.35
-0.67
1.32
-0.22
-0.09
-2.02
1.46
-0.52
-13.34
11.89
3.05
-1.67
-0.18
14.25
-12.20
3.64
-1.38
-3.99
-0.53
1.10
-4.57
2.56
-0.56
7.18
-3.50
-3.36
-8.24
4.32
-1.27
4.87
-3.20
0.27
2.01
-1.62
-4.04
2.04
-9.69
0.49
0.25
-0.19
-0.11
-0.20
0.15
-0.54
1.34
-4.57
0.50
2.43
-1.05
-1.81
-5.53
-0.65
1.49
2.32
1.46
-0.41
2.67
