1.48
12.21
-10.43
-4.45
-0.78
3.78
-4.46
0.87
-0.38
-0.23
0.70
-1.10
0.10
-1.46
-0.82
3.99
14.66
-11.65
-1.63
0.41
17.54
6.37
-5.91
21.40
-41.48
1.21
4.32
-4.33
-3.59
-2.00
-0.14
-1.32
3.05
6.09
0.09
-5.99
-1.13
1.14
-4.52
3.17
-4.84
3.45
1.74
0.32
1.67
-2.93
0.10
4.59
2.72
-3.05
1.49
-2.67
-1.18
0.15
0.90
0.02
0.50
-0.15
-0.17
-1.10
0.79
-0.53
4.09
-6.34
4.75
-1.45
-0.39
0.17
1.57
0.39
-0.57
0.59
-1.14
-2.00
0.60
-1.49
1.76
0.92
-0.99
1.89
-1.82
0.54
1.73
-0.69
1.85
-0.87
-0.04
-0.92
-0.47
-0.31
0.88
-1.99
-0.84
0.93
1.97
-1.01
-0.83
-0.80
3.69
-2.82
0.59
0.11
1.92
-0.74
1.05
-3.54
-2.32
2.59
1.08
-3.75
5.37
-2.76
-0.61
0.37
0.64
0.83
0.33
0.54
-1.92
1.53
1.40
-1.78
-0.23
-0.57
1.42
-0.05
-1.24
0.97
-0.03
1.28
-0.79
-0.87
-0.20
-7.21
2.95
2.61
1.47
-3.37
-6.79
5.75
3.67
3.55
-3.05
3.33
-1.95
0.49
-9.58
1.44
-8.64
12.89
4.43
-0.99
1.31
-2.82
-0.36
-1.55
2.14
0.32
0.99
13.39
-2.85
2.04
9.83
-22.46
0.26
-0.17
13.82
1.16
-1.20
0.01
-12.99
-0.80
-2.41
1.09
2.94
2.20
4.40
2.84
-2.73
-4.54
-1.06
0.39
2.30
0.92
9.70
-8.71
-0.19
-2.35
-2.64
-1.38
0.98
0.56
-1.45
1.36
6.95
2.95
4.89
0.83
-16.92
4.06
0.88
-2.64
-0.91
3.21
-5.00
1.17
0.58
-0.89
0.15
-0.37
-0.78
-1.20
0.78
0.84
-1.58
0.01
0.94
-0.15
0.92
2.90
-1.53
-0.82
-0.97
-1.04
0.83
-0.29
1.52
-1.25
-0.51
-0.05
0.65
6.72
-4.99
0.28
-1.55
-0.79
0.38
2.36
-0.40
2.75
-4.66
1.25
2.97
4.48
-3.32
-6.25
0.21
-1.76
-0.75
-4.68
3.55
6.11
15.11
-11.23
-5.09
0.13
-1.14
18.84
4.89
-4.95
0.89
-18.48
0.17
-2.11
23.86
-0.66
0.71
-20.53
-4.43
-0.82
-1.53
1.49
-1.34
5.29
-3.05
-0.54
1.46
7.27
-6.87
-4.47
2.23
-1.09
1.03
0.46
-1.21
0.02
0.67
1.21
0.30
-0.39
0.11
0.55
-1.19
0.86
3.63
-1.51
-1.06
0.74
-3.61
2.98
2.50
-3.18
-2.24
3.19
-0.74
4.99
0.38
-2.64
0.37
0.55
-1.60
-2.24
-0.23
8.92
10.81
-13.18
4.14
-9.04
-2.74
1.25
1.15
2.08
0.12
1.53
-0.88
-2.00
6.52
-2.08
-6.64
-0.72
0.92
0.67
-0.64
0.10
-0.16
-0.36
0.52
0.22
-1.06
0.89
-1.36
2.22
3.81
-0.72
10.70
-17.72
7.28
-2.35
8.92
7.50
-0.31
-5.39
-3.52
-7.59
-2.30
-0.08
0.71
0.33
-4.52
-8.56
7.26
-8.23
-2.64
-0.22
6.59
-23.46
74.46
10.38
-27.39
-4.54
72.50
-13.71
-21.68
-48.62
-11.05
3.75
1.86
6.72
-9.06
8.89
-6.61
28.71
-12.36
29.38
0.84
310.00
-235.58
65.82
20.25
21.78
-173.23
113.16
-76.68
-50.07
-36.03
-4.48
-0.21
0.36
2.54
2.38
6.66
-6.44
-7.00
9.31
1.30
7.11
19.06
-23.13
-8.67
8.98
3.25
0.39
-15.69
-0.35
10.83
-10.83
-1.71
0.90
2.53
25.05
1.55
-11.00
17.70
-35.00
2.94
5.73
17.38
-9.70
11.96
-18.23
-9.82
-0.67
1.56
-2.68
3.93
46.75
-45.08
-1.43
2.19
5.20
15.96
-24.14
-2.20
-1.00
-1.24
-0.68
4.61
5.60
18.40
2.40
-29.62
0.67
-0.38
-1.17
1.34
3.04
0.51
-3.63
-2.59
-0.10
2.85
-2.52
0.52
1.41
0.46
-0.97
-2.45
4.56
3.00
-0.93
-0.41
-1.65
2.39
-5.15
0.22
1.28
-0.06
-0.76
0.56
-1.25
-0.58
6.25
-2.38
-0.10
-2.70
-1.06
-0.59
-2.32
2.68
1.81
-1.44
-2.96
0.49
1.07
1.51
-0.06
-10.54
7.50
0.00
-2.69
2.40
-4.03
5.15
11.21
-9.70
2.97
-1.84
-4.97
-3.21
-12.42
13.55
-0.12
5.42
-2.27
0.45
0.31
5.32
0.33
2.41
-4.81
-0.15
0.07
0.69
0.48
4.42
4.56
8.01
-7.59
-7.36
12.65
1.13
-5.51
23.38
-27.50
-6.05
-4.79
-3.81
0.62
6.80
3.79
5.34
-1.00
-5.53
-0.99
5.71
20.74
-3.53
-15.49
-5.66
0.92
-3.96
30.80
25.94
-32.96
-11.26
-6.97
-3.83
5.45
16.23
-12.39
4.96
-3.24
-3.35
-10.07
-1.39
2.26
2.85
53.03
-53.12
-1.22
-2.08
3.08
2.50
-7.33
5.42
-5.65
1.44
-6.50
-0.41
14.64
8.34
-9.20
-9.42
4.20
-0.49
0.27
21.78
-22.15
3.87
-7.21
-1.94
-1.57
0.00
4.18
0.69
-1.36
-0.34
0.61
-6.44
2.07
0.13
5.49
17.57
-15.38
-4.46
-3.31
5.52
3.17
39.66
-30.22
0.36
5.60
-2.91
-10.91
-3.26
1.89
-2.65
16.15
-19.55
-5.36
-2.06
2.37
0.59
-0.01
-4.58
1.03
-0.89
0.68
2.59
3.42
-2.20
-5.17
1.35
-6.79
5.24
0.72
3.92
5.94
-5.84
-6.33
23.21
-15.90
-5.33
4.07
4.15
-8.52
6.19
-13.29
-1.95
28.62
-4.32
10.29
-5.43
4.93
-0.79
3.49
-0.37
-3.32
1.85
2.24
1.55
-7.59
-0.10
-8.54
5.03
4.99
-4.82
2.85
3.67
-0.17
0.83
0.02
3.04
-2.08
-2.19
5.25
0.33
-1.67
1.55
-0.56
-9.05
-1.35
40.07
-23.36
-10.82
38.08
8.69
-18.94
3.26
-19.67
-6.92
0.42
0.39
6.78
-7.44
4.65
-6.34
-1.20
-2.91
-10.03
6.00
11.86
-8.77
-1.60
0.37
4.99
0.24
-6.02
5.44
-11.67
0.97
-2.59
2.80
-2.91
-0.91
1.83
5.74
-6.62
-5.65
0.32
3.10
-7.35
-4.75
-2.43
6.89
-0.18
1.33
5.03
-12.46
