0.25
0.55
-0.44
-0.15
-0.67
0.00
-0.09
-0.20
0.35
-0.34
0.07
-0.13
0.04
-0.50
-0.02
0.59
0.71
0.94
-0.60
-0.75
0.98
0.25
0.96
0.84
-2.28
-0.40
0.63
-0.47
-1.73
-0.31
-0.06
1.08
-0.08
2.35
-1.97
-0.10
-0.12
-0.23
0.64
0.16
-0.30
-0.19
-0.30
0.28
0.14
-0.44
1.09
-0.25
0.31
0.68
0.14
-1.00
-0.41
0.31
-0.41
0.09
0.67
-0.66
0.04
-0.73
-0.38
1.12
0.05
-1.06
1.18
-0.21
0.30
-0.37
-0.34
0.21
-0.15
0.73
-1.39
-0.38
-0.14
1.24
-0.53
0.00
-0.02
-2.62
0.38
2.18
0.72
0.47
1.61
-1.27
0.09
-0.41
0.05
0.13
-0.25
-0.24
-0.05
-0.06
0.36
-0.11
-0.17
-0.45
-0.04
0.12
0.11
0.30
0.20
-0.57
1.02
-0.72
-0.04
-0.11
0.29
-0.20
0.36
-0.25
0.24
-1.03
0.76
-0.34
0.52
0.08
-0.48
0.39
0.03
-0.12
0.11
-0.13
-0.23
0.08
-0.06
-0.01
0.07
0.31
0.09
-0.29
0.07
-0.49
0.26
-0.17
0.08
0.38
-0.41
0.14
-0.04
0.92
-0.36
-0.22
0.15
-0.10
-0.06
-0.02
-0.05
0.24
0.20
-0.01
-0.16
-0.08
-0.43
0.01
-0.08
-0.09
0.23
0.38
0.35
12.68
-11.65
-1.09
-0.32
-0.16
0.37
0.61
8.76
-6.24
-0.24
-3.45
-0.18
0.20
0.75
-0.36
0.01
-0.10
0.07
-0.18
-0.16
0.13
0.14
-0.24
-0.01
0.00
0.63
0.04
-0.13
-0.61
0.34
0.01
-0.01
-0.02
-0.07
0.28
0.81
-1.10
0.66
0.14
-0.38
-0.33
-0.41
0.04
0.44
-0.40
-0.22
-0.03
0.30
-0.23
-0.02
0.18
-0.03
0.09
0.12
-0.44
0.13
-0.09
-0.06
0.21
0.31
-0.18
-0.23
-0.02
0.01
-0.08
-0.54
0.37
0.22
0.05
-0.28
0.27
-0.01
0.11
-0.06
-0.03
0.01
-0.22
0.38
-0.22
0.24
-0.30
-0.07
0.48
0.10
-0.13
-0.22
-0.04
-0.62
0.04
-0.10
5.58
3.59
-8.05
-0.92
1.34
-0.81
0.14
0.73
-0.53
0.30
-0.42
-0.13
-0.14
-0.03
1.17
2.41
-0.12
-3.22
-0.40
-0.19
-0.05
0.04
0.17
0.10
0.12
0.01
-0.02
-0.74
0.49
-0.02
-0.04
-0.02
0.17
-0.08
-0.80
0.39
0.61
-0.29
0.12
0.08
-0.06
-0.19
-0.06
0.00
0.24
0.30
-1.69
0.09
1.54
0.77
-0.98
0.04
-0.04
0.13
0.09
-0.32
0.16
-0.02
0.14
-0.16
-0.29
0.64
-0.58
0.28
-0.75
-0.31
1.86
-0.66
-0.54
0.21
0.19
1.20
-0.30
-0.65
0.21
2.95
-2.59
-2.07
1.71
-0.49
1.01
-0.57
-0.09
0.32
0.07
-0.36
0.25
-0.19
-0.09
0.28
0.39
-0.16
0.62
0.67
-0.39
0.25
-0.67
0.33
0.88
-0.85
3.36
2.26
-5.63
-1.50
-0.32
-0.20
-1.53
-0.94
1.37
1.39
0.77
0.15
-0.69
0.59
0.10
1.75
23.93
-21.05
-2.89
59.27
-33.44
-15.62
-10.86
0.66
-1.36
-0.26
1.00
3.07
-2.93
-1.19
7.07
-2.21
-0.86
14.37
98.57
30.92
-63.72
72.05
-53.02
-81.72
2.52
-0.36
-11.12
-8.31
-1.45
-1.82
0.00
-1.64
0.92
2.95
-4.57
4.37
-0.60
0.28
13.96
13.92
-22.73
-4.14
3.52
2.29
-0.52
-5.50
-0.15
-0.71
-1.09
-1.09
1.26
-1.15
5.68
-1.42
6.03
18.57
-9.16
-16.87
-0.09
20.00
-8.22
-1.18
-5.53
-3.77
-3.10
0.84
-1.16
-0.57
1.28
-0.69
0.35
-0.74
0.15
-1.09
0.85
-0.08
-0.74
0.64
0.02
0.44
2.58
8.76
1.32
-11.27
-1.11
-1.53
-0.30
-1.19
0.25
8.56
-6.74
-1.39
0.78
-0.11
-0.53
0.68
0.73
-0.11
-0.79
-0.61
-1.14
2.01
-0.29
1.83
0.05
0.53
-2.10
-0.59
0.55
-0.17
0.32
0.08
0.11
-0.75
-0.05
1.25
0.01
-1.06
-0.56
-1.69
1.51
0.03
1.14
-0.76
-0.12
0.75
-0.95
0.17
0.11
-0.75
-0.45
-0.96
0.16
0.76
-1.11
-3.43
7.59
-2.51
4.43
6.90
-12.24
-3.00
-0.37
0.68
2.33
0.17
0.44
0.34
0.55
-0.99
1.39
0.51
-0.27
0.18
-0.22
0.15
0.09
0.02
-0.62
0.60
-0.32
-0.14
-0.48
-1.19
0.52
1.44
0.51
-0.73
-1.15
-3.28
3.20
0.54
0.52
0.65
0.60
-0.98
0.07
0.28
0.01
0.78
0.14
-0.73
-0.72
-0.35
-0.10
0.59
0.67
0.05
-0.50
-0.47
-0.17
0.75
0.65
-0.23
2.13
1.29
-4.76
-0.11
-0.76
-0.02
-0.06
0.72
0.15
-0.24
-0.15
0.30
-0.77
0.84
0.21
-0.32
-1.34
1.39
-0.24
0.18
0.20
-0.29
0.43
-1.00
-0.43
-2.19
3.20
-0.16
0.21
-1.02
-0.24
-2.01
-2.03
3.16
1.06
0.39
0.07
-0.66
-5.15
4.52
0.76
1.86
-0.39
-0.61
-2.87
0.38
1.80
1.92
-0.01
-0.02
-0.56
0.07
-0.14
0.47
-0.54
0.43
0.10
0.24
-8.75
4.06
-0.13
-0.05
0.70
-2.58
-0.06
-1.08
-5.74
6.58
-2.16
4.27
0.08
0.04
-5.15
5.59
-3.58
2.35
3.28
-0.22
0.50
-4.16
10.55
-7.72
-0.20
-1.80
-4.26
1.34
-2.03
0.73
3.82
7.39
11.89
-8.32
3.88
3.23
-2.55
5.41
-2.07
0.21
-0.57
-0.82
1.50
0.69
1.75
-4.57
0.32
1.06
0.00
2.27
-0.19
0.46
0.70
0.99
-1.79
0.86
1.31
-1.32
0.29
1.01
-0.60
-13.03
1.26
10.09
0.02
-3.39
4.35
4.94
-1.25
-3.10
-0.99
0.41
-0.52
-9.66
7.76
0.24
4.14
-0.52
-2.06
-9.20
3.74
-0.71
1.89
0.82
-1.73
2.42
-1.58
-1.28
1.43
-10.62
-0.29
0.50
-0.19
0.37
-0.77
0.00
-0.12
0.56
-1.25
-3.16
3.69
-3.20
0.13
-4.15
-0.30
1.20
3.45
-2.01
2.97
0.20
