-0.27
1.66
0.00
-0.99
-1.36
0.26
-0.19
0.18
-1.27
0.19
0.77
-0.07
-0.67
-2.08
0.53
0.67
4.48
-0.34
-1.15
-3.08
13.46
4.15
-12.77
15.07
-17.02
0.47
2.87
-1.26
-3.95
-0.77
-2.46
0.50
0.44
6.94
-4.75
-1.84
0.99
-0.94
-0.83
2.40
-1.10
-1.23
1.60
1.70
0.32
-2.51
2.25
-1.20
3.88
-0.28
0.95
-3.33
-1.05
0.20
0.71
0.40
-0.22
-0.77
0.00
-3.13
0.87
-3.87
7.12
-3.68
4.84
-0.23
-1.04
0.00
2.22
-0.33
-1.64
0.40
-0.08
-1.85
-0.15
-1.09
0.30
-1.81
0.24
0.00
-5.87
7.34
2.65
-1.15
4.22
-0.31
-2.05
-0.20
-0.33
-0.26
-0.40
-2.65
-0.22
-1.72
4.83
0.28
-1.19
0.28
0.53
-1.05
0.42
1.20
-0.06
0.64
1.57
-2.44
-0.44
0.09
-0.21
-1.88
8.65
-7.45
0.42
0.15
-0.57
11.84
-10.10
-0.78
-1.16
2.11
-0.53
-0.42
0.00
-0.35
0.45
0.66
-2.27
1.33
0.85
1.68
-2.03
-0.18
-1.27
-1.19
1.41
-0.74
1.83
-0.28
3.62
-2.34
0.13
0.69
-1.11
1.35
-1.78
0.08
-1.58
-1.14
1.24
0.09
1.12
0.18
1.46
-2.68
0.57
-0.71
0.16
0.67
0.07
10.47
-2.52
6.07
7.50
-18.61
-1.96
-0.48
10.81
-0.86
3.51
0.58
-1.35
-12.66
-0.60
-0.07
0.74
1.21
4.25
0.50
-4.26
-0.40
1.00
-1.21
-0.24
0.00
0.90
-1.35
0.65
1.39
-1.03
-1.03
1.07
-0.51
-0.64
-0.48
0.70
2.50
1.01
-1.63
-20.98
16.29
3.13
-0.66
-3.10
3.46
0.21
-0.64
-0.35
-0.30
0.67
-0.03
-0.68
0.25
-0.03
0.08
0.11
-0.21
-0.02
0.22
0.15
-0.66
0.76
-0.68
-0.59
1.52
-0.21
-0.59
0.57
0.09
-0.74
-0.04
0.21
0.37
0.02
0.16
-0.47
-0.26
0.22
0.84
2.10
-1.21
-0.84
-1.63
0.46
0.68
0.72
-0.81
-0.66
-0.22
-0.41
-0.24
5.12
1.65
29.34
-30.26
-3.57
8.14
-6.87
11.56
5.41
-10.29
-2.83
-0.17
-5.91
-0.53
5.82
13.49
-4.80
4.95
-20.35
0.33
-0.26
-0.12
-0.58
2.32
-0.30
-1.15
0.81
-0.22
-2.68
0.71
0.77
-0.63
0.54
0.41
-1.03
-0.25
1.20
1.24
-1.73
0.53
-0.95
0.73
-0.87
0.85
0.53
-0.15
0.51
-2.55
1.38
1.58
2.77
-3.26
0.16
0.29
0.48
-0.57
-0.70
1.19
-0.12
-0.25
-0.76
-1.99
2.15
8.06
-1.17
-3.54
8.37
-7.30
-5.28
0.85
-0.41
0.27
2.19
-1.57
0.44
-0.08
1.46
3.14
-7.43
2.34
0.43
-1.61
0.19
1.47
-1.38
0.93
-0.77
1.17
0.63
-1.25
0.45
0.28
-0.06
0.49
7.40
-4.57
-0.76
-1.14
-1.24
11.11
2.07
4.45
-1.31
-14.78
-1.71
-0.71
-2.54
-0.56
-3.39
-9.22
12.59
1.50
-4.76
-5.28
7.36
-7.02
20.32
32.11
-28.88
-6.17
33.48
-8.06
3.42
-29.94
-1.02
-1.31
-6.57
7.69
18.48
-25.84
0.46
17.04
-6.76
20.62
25.61
108.93
-127.55
129.67
-10.95
-44.00
-84.43
54.87
-25.41
-34.62
-12.02
-1.59
-2.59
3.49
-0.65
0.58
0.19
3.87
-8.30
3.45
-0.82
12.34
34.00
-40.01
-4.29
4.89
4.57
32.15
-38.55
-2.04
3.28
-4.16
-1.06
-0.86
2.38
5.58
10.42
-0.74
13.41
-16.77
-13.87
6.75
41.24
-23.55
-2.96
-8.22
-11.58
-4.47
2.95
-1.95
0.15
15.16
-5.42
-9.92
-0.79
16.04
-0.86
-11.76
-2.26
-0.95
-1.98
-0.01
8.34
1.36
13.92
10.97
-30.43
-2.12
-2.05
1.10
7.09
1.48
3.08
-11.37
-2.40
-0.09
1.09
-2.34
1.34
1.99
1.34
-2.43
-1.99
5.16
1.11
-0.17
2.22
-2.18
1.57
-6.05
0.22
1.40
-0.14
0.58
-0.70
-1.50
-0.20
13.21
-9.48
-0.98
-2.07
-1.16
-2.11
-0.18
3.23
4.13
-4.60
3.16
-1.21
-3.57
0.78
1.47
-0.27
-1.83
0.44
-3.94
3.08
-3.34
5.37
12.39
-8.14
-1.03
8.87
-17.39
-2.03
-0.96
8.60
-3.30
3.36
-1.97
-1.05
1.17
-0.38
3.95
-2.67
-0.13
2.39
-1.99
0.03
0.50
3.66
1.43
-1.25
-0.89
-3.46
-1.17
0.69
-2.09
2.42
0.39
-0.23
-2.11
-3.46
3.05
3.65
0.20
2.77
-2.88
-2.35
0.01
1.14
2.93
0.56
-0.77
-2.34
-1.52
0.05
0.46
8.17
-5.08
-1.35
-0.42
-0.62
-1.31
2.39
1.25
-0.54
8.09
-9.34
-3.04
0.08
-0.76
1.95
5.11
-5.70
-0.11
-1.31
-0.60
2.29
-2.40
2.92
0.56
-0.82
-2.91
0.47
1.20
2.38
-0.41
0.14
-0.05
-1.70
-2.10
2.22
1.21
0.27
-1.15
-1.48
-2.07
-3.44
0.52
1.79
3.12
-0.51
-0.85
-0.86
-2.83
2.84
3.53
1.68
-0.09
-1.91
-3.88
0.91
1.28
6.21
-1.41
2.65
-3.46
1.28
-2.29
0.07
2.34
-0.51
-1.40
-0.33
-7.33
0.43
0.59
-1.13
-2.44
1.62
-1.89
0.36
-2.13
4.79
-1.77
0.36
1.07
-0.91
-4.40
2.48
0.35
4.13
1.73
-2.38
-1.86
33.53
-19.51
-7.99
-2.26
-0.54
-3.17
4.17
-12.07
2.76
23.85
-10.41
9.81
-1.61
1.68
-0.13
4.48
-0.35
-0.74
3.24
-2.19
2.68
-6.89
1.34
-2.21
-0.56
-0.42
-3.86
1.96
6.95
-1.80
1.57
0.30
0.15
4.97
-6.37
6.53
-1.03
-0.48
1.41
-1.32
-1.29
-6.32
8.80
-1.71
-3.43
11.63
-2.02
-5.80
9.13
-11.85
1.27
3.18
-1.97
-1.01
0.65
2.55
-3.83
0.65
-5.80
2.58
-1.86
0.63
-4.41
3.25
0.56
-10.73
7.50
-5.02
-4.38
-6.06
9.12
-1.51
3.50
-1.99
-1.91
-1.96
6.64
-6.84
-3.59
-0.79
2.98
-2.90
-5.89
-1.62
2.96
5.85
-1.02
0.68
-1.44
