0.35
0.42
-0.41
-0.35
-0.38
0.36
-0.55
-0.14
0.30
-0.30
-0.04
-0.22
0.24
-0.50
-0.14
0.56
1.10
0.68
-0.31
-1.01
0.95
0.39
2.82
-0.54
-2.51
-0.58
0.75
-0.57
-1.55
-0.49
-0.04
0.95
-0.23
2.42
-2.01
0.12
-0.30
-0.28
0.62
0.35
-0.44
-0.15
-0.48
0.67
-0.12
-0.43
0.78
0.12
0.35
0.73
0.03
-1.06
-0.43
0.33
-0.36
0.09
0.71
-0.69
-0.10
-0.41
-0.40
1.29
-0.20
-0.96
0.95
-0.27
0.45
-0.37
-0.45
0.21
-0.14
0.32
-1.10
-0.41
-0.03
1.15
-0.35
-0.01
-0.12
-2.25
0.78
1.78
0.37
0.48
2.36
-2.12
0.14
-0.40
0.10
0.11
-0.34
-0.27
0.01
-0.05
0.18
0.13
-0.12
-0.58
0.14
-0.03
0.28
0.23
0.06
-0.31
0.84
-0.49
-0.24
-0.14
0.28
-0.14
0.26
-0.31
0.41
-1.27
0.98
-0.31
0.45
0.05
-0.41
0.40
-0.07
-0.02
-0.02
-0.02
-0.19
-0.11
0.04
0.03
0.05
0.35
0.07
-0.19
-0.09
-0.68
0.54
-0.20
0.15
0.30
-0.39
0.15
0.14
1.26
-0.84
-0.33
0.26
-0.06
-0.13
-0.04
0.02
0.25
0.12
0.06
-0.03
-0.21
-0.36
-0.17
-0.05
-0.08
0.25
0.19
0.41
10.76
-9.56
-1.11
-0.28
0.08
0.20
0.64
8.92
-6.54
-0.37
-3.12
-0.32
0.27
0.35
0.02
0.07
-0.05
-0.15
-0.18
0.15
-0.20
0.15
0.03
-0.16
-0.02
1.03
-0.24
-0.17
-0.76
0.31
0.06
-0.03
0.07
-0.17
0.70
0.56
-1.19
0.19
0.62
-0.31
-0.49
-0.41
0.08
0.44
-0.33
-0.31
-0.05
0.39
-0.34
-0.03
0.14
0.02
-0.01
0.31
-0.55
0.18
-0.20
-0.03
0.35
0.22
-0.23
-0.14
-0.16
0.19
-0.08
-0.46
0.14
0.39
0.04
-0.38
0.31
0.02
0.05
0.09
-0.12
-0.11
-0.19
0.47
-0.18
0.16
-0.27
-0.05
0.49
-0.01
-0.08
-0.03
-0.18
-0.65
-0.09
-0.12
6.23
3.35
-8.24
-0.58
0.92
-0.81
-0.02
1.15
-0.68
0.06
-0.37
-0.09
-0.19
0.03
1.15
2.83
0.24
-4.05
-0.19
-0.34
0.07
-0.13
0.21
0.05
0.16
0.00
0.05
-0.92
0.47
0.13
-0.08
-0.06
0.21
0.01
-1.00
0.39
0.77
-0.40
0.10
0.28
-0.12
-0.22
-0.09
0.10
0.06
0.36
-1.44
-0.09
1.46
0.82
-1.08
0.25
-0.14
0.15
0.36
-0.40
0.05
-0.14
0.13
-0.13
0.14
0.18
-0.43
0.12
0.15
0.35
0.35
-0.61
-0.42
0.29
-0.11
1.76
0.05
-1.47
0.72
2.33
-1.92
-2.08
1.16
-0.66
1.15
-0.63
-0.07
0.42
-0.07
-0.16
0.16
-0.32
0.01
0.31
0.39
-0.12
0.55
0.84
-0.20
-0.20
-0.83
-0.21
1.24
-0.52
3.47
2.39
-6.01
-1.18
-0.49
-0.13
-0.32
-1.15
0.32
1.50
0.67
0.29
-0.62
0.30
0.40
1.56
25.23
-22.23
-2.94
48.61
-19.63
-15.50
-14.85
2.20
-2.19
-0.04
1.38
3.24
-3.67
-0.90
13.03
-8.09
-1.45
8.83
82.87
72.70
-104.30
109.94
-64.36
-83.04
-2.74
0.59
-10.34
-8.94
-2.59
-1.12
-0.44
-1.34
0.75
2.85
-2.31
1.81
-0.54
0.77
10.53
18.48
-23.16
-4.89
3.29
1.14
-0.29
-4.47
-0.84
-0.27
-1.00
-0.87
1.15
-0.86
3.34
0.10
7.23
17.82
-8.01
-18.30
-0.13
19.17
-9.10
1.75
-4.38
-5.23
-3.60
0.39
-0.98
-0.52
0.85
-0.36
0.53
-0.61
-0.11
-0.69
0.41
-0.23
-0.43
0.58
0.07
0.26
3.46
8.01
0.87
-10.20
-1.60
-1.68
-0.24
-1.09
0.03
8.65
-6.62
-1.19
0.48
-0.17
-0.59
0.68
0.78
-0.02
-0.68
-0.61
-1.53
2.26
0.15
1.52
0.02
0.11
-1.67
-0.56
0.43
-0.10
0.25
0.14
0.01
-0.65
-0.19
1.31
-0.02
-0.85
-0.62
-1.56
1.34
0.11
1.00
-0.70
-0.08
0.81
-0.98
0.16
0.04
-0.78
-0.20
-0.74
-0.16
0.78
-0.94
-2.97
8.61
-4.22
3.56
6.22
-11.00
-2.38
-0.77
0.85
2.19
-0.01
0.60
0.33
0.61
-0.92
1.23
0.66
-0.31
0.15
-0.23
0.25
0.01
0.04
-0.57
0.43
-0.34
0.07
-0.62
-1.26
0.43
1.84
0.28
-0.89
-1.03
-3.34
3.28
0.34
0.84
0.65
0.64
-1.10
0.19
0.08
0.21
0.79
0.18
-0.54
-0.97
-0.12
-0.24
0.55
0.66
0.05
-0.49
-0.60
-0.23
0.87
0.81
-0.31
1.88
1.36
-4.68
-0.11
-0.87
0.05
-0.32
1.06
0.08
-0.36
-0.18
0.37
-0.93
1.03
0.01
-0.10
-1.08
0.93
-0.27
0.24
0.26
0.06
0.24
-1.39
0.14
-2.08
2.84
-0.19
0.05
-0.89
-0.83
-1.51
-1.38
3.18
1.00
0.14
-0.52
0.68
-6.42
4.52
1.32
1.62
-0.10
-1.31
-2.03
-0.80
2.83
1.76
0.04
-0.22
-0.05
-0.40
-0.02
0.43
-0.65
0.51
0.04
0.22
-6.80
2.72
-0.57
0.05
-0.78
-1.85
-0.20
-0.63
-5.43
6.64
-2.49
3.85
-0.37
0.55
-3.99
5.15
-5.13
3.33
2.71
0.61
0.24
-3.99
10.81
-7.71
0.38
-2.43
-3.81
0.69
-1.83
0.17
2.87
8.13
12.88
-8.09
3.72
2.79
-2.34
5.30
-2.74
1.02
-0.65
-0.80
1.46
0.77
1.62
-5.17
0.98
1.48
-0.64
2.04
-5.44
6.21
0.74
1.24
-1.40
0.18
1.08
-1.14
0.18
0.56
-0.11
-13.03
1.55
9.81
0.32
-0.30
0.60
6.32
-3.14
-1.59
-1.79
1.23
-1.16
-9.55
7.70
0.29
4.71
-1.46
-1.71
-9.89
4.32
-0.43
1.80
0.62
-1.60
2.41
-1.57
-2.26
1.19
-9.55
-0.13
0.38
-0.13
1.03
-1.40
-0.01
-0.12
0.55
0.16
-3.37
2.55
-2.16
-1.88
-3.08
-0.05
-0.39
5.73
-3.22
3.20
0.12
